MN-23-AA-05-08	0.00001	0.94485	0.018557	0.005211	0.001074	0.030298
GWAS-202-Santium	0.000014	0.00001	0.00001	0.00001	0.296781	0.703174
ND-23-AA-01-09	0.578334	0.410787	0.00001	0.00001	0.010235	0.000624
WI-22-AB-01-02	0.170303	0.79053	0.039137	0.00001	0.00001	0.00001
MN-23-AA-05-03	0.00001	0.930437	0.045173	0.02436	0.00001	0.00001
IL-23-AA-02-05	0.156116	0.787952	0.055902	0.00001	0.00001	0.00001
IL-22-PA-01-09	0.00001	0.94354	0.030394	0.018217	0.007829	0.00001
ND-23-AA-01-04	0.814905	0.174889	0.00001	0.00001	0.003484	0.006702
WI-22-AB-05-07	0.474057	0.410787	0.054049	0.060276	0.000821	0.00001
SD-23-AA-01-02	0.490841	0.414486	0.094638	0.000015	0.00001	0.00001
MO-22-PB-03-06	0.259401	0.684489	0.050644	0.005092	0.00001	0.000364
IL-22-PA-07-07	0.418575	0.526507	0.054889	0.00001	0.00001	0.00001
NE-22-PB-08-03	0.693354	0.197217	0.062039	0.00001	0.003915	0.043466
WI-22-AB-11-04	0.00001	0.990264	0.00001	0.009694	0.000012	0.00001
GWAS-350-Oregon_Guava	0.00001	0.00001	0.00001	0.00001	0.99995	0.00001
MN-23-AA-02-04	0.340533	0.510438	0.149	0.00001	0.00001	0.00001
KS-22-PB-02-08	0.750729	0.243345	0.00001	0.00001	0.005896	0.00001
SD-23-AA-03-06	0.922432	0.00001	0.077528	0.00001	0.00001	0.00001
WI-22-AB-06-04	0.00001	0.962708	0.033064	0.00001	0.004199	0.00001
GWAS-158-WI-M-H-19-00107	0.00001	0.00001	0.00001	0.00001	0.879137	0.120823
NE-22-PB-05-04	0.577357	0.152309	0.252982	0.00001	0.00001	0.017331
IL-23-AA-01-06	0.225442	0.774518	0.00001	0.00001	0.00001	0.00001
WI-22-AB-12-09	0.396014	0.594035	0.00001	0.009921	0.00001	0.00001
WI-22-AB-11-03	0.150608	0.785646	0.063715	0.000012	0.00001	0.00001
ND-23-AA-02-09	0.699288	0.139402	0.16128	0.00001	0.00001	0.00001
GWAS-419-Auto_Pilot_1.0	0.00001	0.00001	0.00001	0.00001	0.09473	0.90523
GWAS-430-H_51	0.187363	0.644838	0.022548	0.14523	0.00001	0.00001
NE-22-PB-03-08	0.490107	0.469609	0.00001	0.008069	0.007174	0.025031
WI-22-AB-08-07	0.00001	0.957777	0.005929	0.005378	0.030896	0.00001
IN-22-MB-01-05	0.00001	0.00001	0.99995	0.00001	0.00001	0.00001
MO-22-PB-03-02	0.29254	0.641982	0.036773	0.005707	0.01481	0.008189
SD-23-AA-02-04	0.779389	0.207707	0.002975	0.00001	0.006256	0.003663
ND-23-AA-02-04	0.244544	0.590442	0.164984	0.00001	0.00001	0.00001
NE-22-PB-01-02	0.736955	0.24049	0.00001	0.000348	0.003515	0.018682
GWAS-415-Henola	0.00001	0.107384	0.00001	0.892576	0.00001	0.00001
KS-22-PB-01-03	0.255465	0.606922	0.099919	0.00001	0.00725	0.030433
GWAS-393-Grandi	0.00001	0.540011	0.000734	0.31985	0.048384	0.091011
SD-23-AA-05-05	0.956264	0.00001	0.043696	0.00001	0.00001	0.00001
WI-22-AB-06-07	0.376071	0.559669	0.06423	0.00001	0.00001	0.00001
IL-22-PA-07-04	0.166715	0.770865	0.053399	0.009002	0.00001	0.00001
MN-23-AA-01-02	0.171567	0.72789	0.100512	0.00001	0.00001	0.00001
KS-22-PB-05-08	0.471646	0.43869	0.073868	0.00001	0.00001	0.015776
WI-22-AB-07-06	0.200352	0.79337	0.00001	0.006248	0.00001	0.00001
GWAS-154-Suvar_Haze_Seedless	0.00001	0.772887	0.00001	0.196692	0.006997	0.023403
MO-22-PB-02-09	0.480502	0.468033	0.042475	0.00001	0.00897	0.00001
GWAS-426-WI-M-H-19-00104	0.00001	0.772077	0.00001	0.201086	0.019562	0.007255
NE-22-PB-06-01	0.446324	0.338932	0.14256	0.014793	0.022351	0.035039
MN-23-AA-03-04	0.00001	0.894033	0.100883	0.00001	0.001031	0.004032
IL-23-AA-02-04	0.00001	0.959875	0.00001	0.040085	0.00001	0.00001
NE-22-PB-04-10	0.275086	0.624961	0.050863	0.009444	0.02175	0.017895
GWAS-147-Hot_Blonde	0.00001	0.057378	0.00001	0.942582	0.00001	0.00001
NE-22-PB-05-08	0.421809	0.38237	0.175673	0.00001	0.014346	0.005792
MO-22-PB-04-07	0.625966	0.300119	0.073886	0.00001	0.00001	0.00001
ND-23-AA-01-19	0.777107	0.222853	0.00001	0.00001	0.00001	0.00001
SD-23-AA-01-12	0.99995	0.00001	0.00001	0.00001	0.00001	0.00001
ND-23-AA-02-16	0.706588	0.202094	0.091288	0.00001	0.00001	0.00001
ND-23-AA-02-02	0.979402	0.00001	0.020558	0.00001	0.00001	0.00001
MN-23-AA-04-03	0.414113	0.509496	0.076361	0.00001	0.00001	0.00001
GWAS-220-WI-M-H-20-109	0.00001	0.822422	0.00001	0.177538	0.00001	0.00001
IL-23-AA-01-07	0.438826	0.561134	0.00001	0.00001	0.00001	0.00001
IL-22-AB-02-01	0.243586	0.613227	0.096056	0.028891	0.00001	0.018231
MN-23-AA-01-04	0.419523	0.514664	0.065783	0.00001	0.00001	0.00001
WI-22-AB-11-10	0.00001	0.99995	0.00001	0.00001	0.00001	0.00001
GWAS-452-Vega	0.00001	0.00001	0.00001	0.00001	0.99995	0.00001
IL-22-PA-07-01	0.426411	0.564995	0.004371	0.004204	0.00001	0.00001
MN-23-AA-04-08	0.00001	0.902563	0.051988	0.02463	0.020799	0.00001
MN-23-AA-01-09	0.00001	0.999948	0.00001	0.000012	0.00001	0.00001
KS-22-PB-03-01	0.471447	0.406035	0.113511	0.00001	0.00001	0.008987
IA-22-PB-05-07	0.68794	0.306834	0.00001	0.00001	0.005196	0.00001
GWAS-385-Pine_Walker_Seedless	0.00001	0.238828	0.00001	0.701506	0.01031	0.049336
IA-22-PB-03-08	0.438438	0.556114	0.00001	0.005418	0.00001	0.00001
GWAS-382-WI-M-H-20-102	0.00001	0.789107	0.00001	0.195588	0.015275	0.00001
GWAS-197-WI-M-H-19-00112	0.345032	0.444356	0.058088	0.152504	0.00001	0.00001
IL-22-PA-01-04	0.154977	0.739214	0.101304	0.000012	0.004484	0.00001
WI-22-AB-04-02	0.610329	0.389631	0.00001	0.00001	0.00001	0.00001
WI-22-AB-04-10	0.191791	0.808166	0.00001	0.000013	0.00001	0.00001
WI-22-AB-06-10	0.195243	0.785783	0.018944	0.00001	0.00001	0.00001
KS-22-PB-04-01	0.99995	0.00001	0.00001	0.00001	0.00001	0.00001
GWAS-143-Early_Remedy	0.00001	0.00001	0.00001	0.00001	0.00001	0.99995
NE-22-PB-02-03	0.510691	0.449456	0.031565	0.00001	0.00001	0.008267
MN-23-AA-01-12	0.00001	0.964317	0.035643	0.00001	0.00001	0.00001
IA-22-PB-06-08	0.99995	0.00001	0.00001	0.00001	0.00001	0.00001
GWAS-193-21UO_Stout	0.00001	0.00001	0.00001	0.00001	0.543444	0.456516
GWAS-434-H_51	0.00001	0.807331	0.00332	0.174165	0.00001	0.015163
GWAS-389-Grandi	0.00001	0.00001	0.00001	0.00001	0.129556	0.870404
GWAS-140-Early_Remedy	0.00001	0.00001	0.00001	0.99995	0.00001	0.00001
NE-22-PB-02-02	0.530139	0.422641	0.007318	0.013273	0.003323	0.023305
GWAS-444-WI-M-H-19-00113	0.428383	0.394212	0.00001	0.177375	0.00001	0.00001
IA-22-PB-06-05	0.489031	0.502543	0.008396	0.00001	0.00001	0.00001
SD-23-AA-03-04	0.886038	0.00001	0.113922	0.00001	0.00001	0.00001
IL-22-AB-02-02	0.00001	0.854219	0.062318	0.044477	0.000211	0.038766
IL-23-AA-02-07	0.165285	0.792407	0.042278	0.00001	0.00001	0.00001
GWAS-229-WI-M-H-21-00102	0.00001	0.00001	0.00001	0.294616	0.373241	0.332113
NE-22-PB-04-02	0.46233	0.444611	0.081319	0.006111	0.003059	0.00257
WI-22-AB-05-04	0.47101	0.489619	0.019904	0.011704	0.007753	0.00001
WI-22-AB-13-05	0.409531	0.522642	0.02692	0.037996	0.00282	0.000091
ND-23-AA-02-06	0.229402	0.608405	0.162163	0.00001	0.00001	0.00001
GWAS-201-Santium	0.00001	0.00001	0.00001	0.00001	0.00001	0.99995
SD-23-AA-01-04	0.141227	0.642837	0.209237	0.00001	0.00001	0.006678
NE-22-PB-03-05	0.259394	0.683087	0.051083	0.00001	0.00001	0.006416
MN-23-AA-03-08	0.00001	0.931467	0.068493	0.00001	0.00001	0.00001
MO-22-PB-05-01	0.077342	0.664226	0.253684	0.00001	0.004728	0.00001
WI-22-AB-04-01	0.599726	0.40023	0.000011	0.000013	0.00001	0.00001
MN-23-AA-04-04	0.39809	0.519273	0.082607	0.00001	0.00001	0.00001
GWAS-114-Oregon_Sweetgum_	0.00001	0.00001	0.00001	0.00001	0.00001	0.99995
NE-22-PB-03-04	0.286429	0.577681	0.049799	0.061132	0.00001	0.024948
GWAS-182-WI-M-H-19-00109	0.133189	0.541542	0.097784	0.227466	0.00001	0.00001
WI-22-AB-03-09	0.611827	0.388129	0.00001	0.000015	0.00001	0.00001
MO-22-PB-01-08	0.999937	0.000014	0.00001	0.000018	0.00001	0.00001
NE-22-PB-07-03	0.53908	0.361034	0.017057	0.049096	0.020648	0.013085
MN-23-AA-05-13	0.00001	0.968456	0.00001	0.031504	0.00001	0.00001
NE-22-PB-02-07	0.690929	0.228819	0.031254	0.017973	0.00905	0.021975
GWAS-168-#5_33200	0.413407	0.358	0.034273	0.1943	0.00001	0.00001
GWAS-190-White_CBG_Seedless	0.165057	0.597321	0.044024	0.193444	0.00001	0.000144
SD-23-AA-01-10	0.99995	0.00001	0.00001	0.00001	0.00001	0.00001
ND-23-AA-01-02	0.698442	0.155375	0.146146	0.000017	0.00001	0.00001
GWAS-451-WI-M-H-20-104	0.00001	0.00001	0.00001	0.00001	0.99995	0.00001
SD-23-AA-04-07	0.754497	0.215434	0.022155	0.00001	0.007894	0.00001
MN-23-AA-04-11	0.445416	0.510468	0.037598	0.006498	0.00001	0.00001
MN-23-AA-05-11	0.11927	0.792163	0.088537	0.00001	0.00001	0.00001
IL-22-PA-01-01	0.00001	0.818721	0.087724	0.082768	0.00001	0.010766
NE-22-PB-01-10	0.736623	0.251495	0.00001	0.011852	0.00001	0.00001
GWAS-118-Umpqua	0.00001	0.00001	0.00001	0.00001	0.00001	0.99995
NE-22-PB-04-06	0.489694	0.436852	0.06359	0.00001	0.009844	0.00001
WI-22-AB-08-08	0.00001	0.931044	0.024568	0.017674	0.007118	0.019586
WI-22-AB-05-03	0.443844	0.528078	0.018617	0.009441	0.00001	0.00001
MO-22-PB-04-03	0.210489	0.62842	0.099934	0.013902	0.012195	0.035059
GWAS-136-WI-M-H-21-00100	0.00001	0.730503	0.00001	0.212483	0.019236	0.037758
WI-22-AB-04-06	0.439237	0.552014	0.008719	0.00001	0.00001	0.00001
WI-22-AB-08-03	0.00001	0.959162	0.01566	0.000342	0.024815	0.00001
IL-23-AA-01-01	0.46934	0.528508	0.002122	0.00001	0.00001	0.00001
GWAS-361-Blue_Magnolia	0.00001	0.00001	0.00001	0.00001	0.665773	0.334187
NE-22-PB-01-01	0.725415	0.239874	0.019386	0.00001	0.002688	0.012627
GWAS-404-21UO_Zaki'	0.00001	0.00001	0.00001	0.030337	0.572207	0.397426
WI-22-AB-01-06	0.197042	0.778932	0.00001	0.023996	0.00001	0.00001
GWAS-175-Cherry_Wine	0.00001	0.134205	0.00001	0.810104	0.00001	0.055662
MN-23-AA-01-06	0.134222	0.790617	0.075128	0.000013	0.00001	0.00001
GWAS-379-Cherry_33202	0.00001	0.00001	0.00001	0.00001	0.00001	0.99995
MO-22-PB-05-08	0.104877	0.661991	0.211297	0.00001	0.00001	0.021816
NE-22-PB-07-02	0.439842	0.385049	0.131882	0.027007	0.008789	0.00743
GWAS-121-21UO04_Boone_County_Feral	0.00001	0.00001	0.00001	0.00001	0.402968	0.596992
MN-23-AA-01-10	0.00001	0.990062	0.002085	0.00001	0.00001	0.007823
MO-22-PB-04-04	0.00001	0.876637	0.104677	0.00001	0.012569	0.006097
GWAS-401-WI-M-H-20-103	0.00001	0.00001	0.00001	0.01818	0.270707	0.711083
GWAS-376-Chinese_Hemp_Fiber_Planting_Seed	0.00001	0.04272	0.00001	0.95724	0.00001	0.00001
IA-22-PB-06-04	0.671994	0.298399	0.029577	0.00001	0.00001	0.00001
IL-23-AA-01-09	0.430575	0.569385	0.00001	0.00001	0.00001	0.00001
KS-22-PB-02-04	0.704899	0.146332	0.137687	0.010277	0.00001	0.000795
GWAS-171-Altair	0.00001	0.00001	0.00001	0.011917	0.271877	0.716176
GWAS-209-WI-M-H-19-00100a	0.00001	0.00001	0.00001	0.00001	0.99995	0.00001
WI-22-AB-11-02	0.00001	0.99995	0.00001	0.00001	0.00001	0.00001
MN-23-AA-05-15	0.126559	0.807756	0.065655	0.00001	0.00001	0.00001
WI-22-AB-05-06	0.686465	0.30235	0.00001	0.011155	0.00001	0.00001
ND-23-AA-02-19	0.302012	0.562321	0.069844	0.065803	0.00001	0.00001
MN-23-AA-04-06	0.48077	0.517686	0.00001	0.001514	0.00001	0.00001
ND-23-AA-01-17	0.994835	0.00001	0.005117	0.00001	0.000018	0.00001
GWAS-354-QPPL090	0.376266	0.464867	0.00001	0.158837	0.00001	0.00001
SD-23-AA-01-06	0.982875	0.00001	0.017085	0.00001	0.00001	0.00001
WI-22-AB-13-02	0.00001	0.878197	0.054183	0.048545	0.009993	0.009072
WI-22-AB-14-01	0.194273	0.760598	0.00001	0.035943	0.004914	0.004262
GWAS-372-Stormy	0.195336	0.6275	0.00001	0.177134	0.00001	0.00001
SD-23-AA-02-06	0.778819	0.206286	0.009242	0.00001	0.005632	0.00001
GWAS-125-WI-M-H-20-111	0.00001	0.029785	0.00001	0.00736	0.187268	0.775567
MN-23-AA-02-06	0.39137	0.462433	0.146167	0.00001	0.00001	0.00001
WI-22-AB-11-07	0.00001	0.983568	0.00001	0.016392	0.00001	0.00001
GWAS-179-X59	0.603599	0.232393	0.00001	0.160401	0.00001	0.003587
MN-23-AA-03-06	0.087428	0.764947	0.147595	0.00001	0.00001	0.00001
MN-23-AA-05-06	0.096908	0.773	0.130063	0.00001	0.00001	0.00001
IL-22-AB-01-03	0.00001	0.997621	0.00001	0.002339	0.00001	0.00001
GWAS-365-Otto_2	0.00001	0.00001	0.00001	0.00001	0.108256	0.891704
SD-23-AA-05-06	0.733588	0.214919	0.046799	0.000867	0.00001	0.003817
GWAS-151-Suvar_Haze_Seedless	0.00001	0.024199	0.026821	0.907779	0.019072	0.022118
IL-23-AA-01-02	0.6392	0.36076	0.00001	0.00001	0.00001	0.00001
GWAS-164-Hlesia	0.00001	0.00001	0.00001	0.00001	0.00001	0.99995
WI-22-AB-11-09	0.00001	0.975043	0.003372	0.021556	0.00001	0.00001
WI-22-AB-01-07	0.355226	0.580981	0.063763	0.00001	0.00001	0.00001
IL-22-PA-01-03	0.097263	0.762098	0.134989	0.00001	0.00001	0.005631
WI-22-AB-08-06	0.00001	0.963815	0.016092	0.005111	0.014963	0.00001
GWAS-397-WI-M-H-20-112	0.00001	0.00001	0.00001	0.99995	0.00001	0.00001
NE-22-PB-07-01	0.733015	0.231414	0.011057	0.002403	0.00923	0.012882
GWAS-157-WI-M-H-19-00107	0.00001	0.00001	0.00001	0.00001	0.880033	0.119927
GWAS-228-WI-M-H-21-00102	0.00001	0.00001	0.00001	0.00001	0.99995	0.00001
SD-23-AA-03-02	0.733697	0.216256	0.035537	0.003541	0.00001	0.010959
KS-22-PB-02-03	0.759692	0.220014	0.013291	0.00001	0.006982	0.00001
IA-22-PB-04-02	0.237333	0.723358	0.021997	0.010355	0.006948	0.00001
WI-22-AB-12-04	0.390166	0.603287	0.00001	0.006517	0.00001	0.00001
NE-22-PB-05-03	0.483366	0.348539	0.083398	0.01613	0.024282	0.044286
KS-22-PB-05-07	0.95045	0.00001	0.045593	0.003927	0.00001	0.00001
SD-23-AA-02-08	0.585804	0.38312	0.00001	0.00001	0.029561	0.001495
MO-22-PB-02-08	0.99995	0.00001	0.00001	0.00001	0.00001	0.00001
NE-22-PB-01-03	0.722026	0.205819	0.072125	0.00001	0.00001	0.00001
GWAS-413-Ruby_#1	0.199843	0.629998	0.00001	0.16819	0.00001	0.00195
MN-23-AA-01-07	0.398301	0.547594	0.054074	0.00001	0.00001	0.00001
IN-22-MB-01-04	0.120611	0.00001	0.879349	0.00001	0.00001	0.00001
MN-23-AA-04-13	0.217256	0.685831	0.096883	0.00001	0.00001	0.00001
NE-22-PB-02-06	0.698719	0.199753	0.058208	0.017804	0.00001	0.025507
GWAS-450-WI-M-H-20-104	0.033375	0.00001	0.193639	0.111256	0.102134	0.559585
GWAS-424-WI-M-H-19-00104	0.00001	0.70276	0.029932	0.247384	0.004119	0.015795
SD-23-AA-01-08	0.99995	0.00001	0.00001	0.00001	0.00001	0.00001
NE-22-PB-03-06	0.730235	0.252283	0.00001	0.00001	0.017452	0.00001
GWAS-457-21UO_Spectrum	0.702427	0.042218	0.027456	0.209675	0.00001	0.018214
IL-23-AA-01-03	0.205263	0.794697	0.00001	0.00001	0.00001	0.00001
GWAS-221-WI-M-H-20-109	0.00001	0.829379	0.00001	0.166413	0.00001	0.004177
KS-22-PB-04-06	0.726542	0.20574	0.065341	0.002358	0.00001	0.00001
WI-22-AB-13-03	0.023019	0.878859	0.079148	0.015884	0.00308	0.00001
IA-22-PB-04-04	0.517176	0.396685	0.076725	0.009393	0.00001	0.00001
KS-22-PB-02-09	0.496743	0.442801	0.055995	0.00001	0.00001	0.004441
IA-22-PB-06-01	0.289733	0.639194	0.041934	0.013221	0.009626	0.006292
GWAS-146-Ex_Wife	0.00001	0.085708	0.00001	0.914252	0.00001	0.00001
MO-22-PB-05-05	0.450271	0.476346	0.070395	0.00001	0.002968	0.00001
WI-22-AB-01-03	0.00001	0.914739	0.025913	0.036867	0.022462	0.00001
IA-22-PB-03-03	0.477028	0.51037	0.00001	0.012572	0.00001	0.00001
KS-22-PB-02-10	0.517473	0.387814	0.081549	0.00001	0.001076	0.012078
WI-22-AB-11-06	0.00001	0.994605	0.00001	0.005355	0.00001	0.00001
GWAS-456-21UO_Spectrum	0.00001	0.00001	0.00001	0.99995	0.00001	0.00001
GWAS-149-Hot_Blonde	0.00001	0.00001	0.139837	0.106097	0.366215	0.387831
SD-23-AA-03-09	0.679554	0.18477	0.125595	0.00001	0.000539	0.009531
MO-22-PB-03-03	0.511897	0.460826	0.00001	0.027247	0.00001	0.00001
ND-23-AA-02-07	0.710873	0.163463	0.124272	0.00001	0.00001	0.001373
IN-22-MB-01-01	0.043632	0.00001	0.956328	0.00001	0.00001	0.00001
MN-23-AA-03-12	0.00001	0.91121	0.072431	0.00001	0.00021	0.016129
NE-22-PB-08-02	0.443149	0.326404	0.176341	0.010922	0.018342	0.024842
GWAS-386-WI-M-H-20-105	0.00001	0.230483	0.00001	0.692714	0.024498	0.052285
MN-23-AA-02-12	0.40722	0.468243	0.124507	0.00001	0.00001	0.00001
GWAS-194-21UO_Stout	0.00001	0.00001	0.00001	0.018169	0.554091	0.42771
SD-23-AA-04-10	0.750244	0.21664	0.018548	0.007161	0.00001	0.007397
GWAS-142-Early_Remedy	0.00001	0.00001	0.00001	0.00001	0.00001	0.99995
NE-22-PB-04-09	0.155788	0.661735	0.174506	0.00001	0.006408	0.001553
WI-22-AB-13-06	0.4631	0.511738	0.00001	0.024583	0.000559	0.00001
KS-22-PB-01-01	0.528246	0.39875	0.024791	0.00001	0.015192	0.03301
WI-22-AB-06-09	0.370517	0.620772	0.00001	0.008681	0.00001	0.00001
IL-22-PA-07-06	0.00001	0.907829	0.049513	0.031808	0.001187	0.009653
IL-23-AA-02-03	0.196588	0.787344	0.016038	0.00001	0.00001	0.00001
NE-22-PB-06-06	0.420139	0.39059	0.164001	0.00001	0.012689	0.012571
IL-22-AB-01-09	0.17588	0.787617	0.020318	0.016166	0.00001	0.00001
IN-22-MB-01-08	0.009056	0.178913	0.799292	0.00001	0.012719	0.00001
MN-23-AA-04-12	0.678525	0.321434	0.00001	0.000011	0.00001	0.00001
SD-23-AA-05-08	0.784285	0.205712	0.00001	0.00001	0.00001	0.009973
WI-22-AB-03-06	0.205859	0.793993	0.00001	0.00001	0.000119	0.00001
SD-23-AA-02-09	0.58751	0.338506	0.00252	0.030515	0.015293	0.025656
SD-23-AA-03-01	0.870447	0.00001	0.129513	0.00001	0.00001	0.00001
GWAS-180-X59	0.210603	0.587136	0.024834	0.177407	0.00001	0.00001
GWAS-349-Super_Wife	0.00001	0.00001	0.00001	0.00001	0.99995	0.00001
IL-22-PA-01-06	0.00001	0.957208	0.025847	0.01017	0.00001	0.006755
GWAS-128-Early_Cherry	0.00001	0.00001	0.00001	0.00001	0.032026	0.967934
ND-23-AA-02-12	0.723264	0.126395	0.150311	0.00001	0.00001	0.00001
NE-22-PB-06-05	0.628412	0.230487	0.111519	0.00001	0.014744	0.014828
KS-22-PB-03-08	0.534878	0.44732	0.00001	0.00001	0.005468	0.012313
GWAS-219-21UO22_Boone_County_Feral	0.172959	0.474595	0.139933	0.167057	0.045447	0.00001
NE-22-PB-04-07	0.723094	0.248219	0.00001	0.008036	0.008211	0.012431
WI-22-AB-11-01	0.251496	0.72608	0.001242	0.021162	0.00001	0.00001
IA-22-PB-05-08	0.684111	0.304627	0.00001	0.00001	0.011232	0.00001
WI-22-AB-08-05	0.000018	0.949709	0.000011	0.022322	0.027929	0.00001
KS-22-PB-05-04	0.204526	0.618093	0.16925	0.000582	0.00001	0.007539
WI-22-AB-03-04	0.412428	0.582233	0.00001	0.00531	0.00001	0.00001
SD-23-AA-02-01	0.789624	0.180167	0.01048	0.011367	0.002254	0.006107
SD-23-AA-01-11	0.99995	0.00001	0.00001	0.00001	0.00001	0.00001
SD-23-AA-01-09	0.99995	0.00001	0.00001	0.00001	0.00001	0.00001
WI-22-FC-17-08	0.088911	0.555095	0.164832	0.018878	0.044727	0.127557
GWAS-131-21UO_S1	0.00001	0.00001	0.00001	0.00001	0.361399	0.638561
MO-22-PB-01-07	0.71826	0.2817	0.00001	0.00001	0.00001	0.00001
KS-22-PB-01-04	0.00001	0.776226	0.175778	0.012769	0.014528	0.02069
GWAS-200-WI-M-H-19-00112	0.00001	0.00001	0.00001	0.00001	0.00001	0.99995
GWAS-135-WI-M-H-21-00100	0.41638	0.420307	0.00001	0.162239	0.001053	0.00001
MN-23-AA-03-07	0.00001	0.942697	0.057263	0.00001	0.00001	0.00001
GWAS-113-Oregon_Sweetgum_	0.00001	0.00001	0.000011	0.00001	0.00001	0.999949
ND-23-AA-01-07	0.497751	0.39661	0.10561	0.00001	0.00001	0.00001
GWAS-183-WI-M-H-19-00109	0.152709	0.605321	0.048997	0.192952	0.00001	0.00001
MO-22-PB-02-01	0.268794	0.654767	0.035662	0.00001	0.018308	0.02246
WI-22-AB-08-02	0.00001	0.955426	0.01523	0.005494	0.02383	0.00001
IA-22-PB-01-01	0.181035	0.740838	0.059628	0.018479	0.00001	0.00001
WI-22-FC-17-07	0.00001	0.667754	0.100651	0.062099	0.070359	0.099127
MN-23-AA-02-07	0.197436	0.672304	0.104996	0.025244	0.00001	0.00001
WI-22-AB-05-09	0.26362	0.601547	0.074538	0.047476	0.012809	0.00001
GWAS-191-White_CBG_Seedless	0.183224	0.587555	0.018434	0.210766	0.00001	0.00001
GWAS-139-21UO_Wife	0.00001	0.00001	0.00001	0.99995	0.00001	0.00001
GWAS-187-QPPL151	0.00001	0.479244	0.00001	0.251218	0.070316	0.199201
ND-23-AA-01-13	0.771566	0.199702	0.006675	0.022036	0.00001	0.00001
WI-22-AB-01-09	0.00001	0.977593	0.00001	0.022367	0.00001	0.00001
IA-22-PB-04-05	0.520924	0.472707	0.00001	0.00001	0.004301	0.002048
GWAS-117-Umpqua	0.446293	0.102602	0.081554	0.188272	0.034518	0.146761
IA-22-PB-03-06	0.479667	0.507579	0.00459	0.003407	0.004747	0.00001
SD-23-AA-03-05	0.682799	0.205352	0.111818	0.00001	0.00001	0.00001
SD-23-AA-05-07	0.190567	0.624839	0.168386	0.00001	0.016188	0.00001
IL-23-AA-02-10	0.160608	0.799641	0.039721	0.00001	0.00001	0.00001
SD-23-AA-04-03	0.476787	0.428938	0.086175	0.00001	0.00001	0.00808
IA-22-PB-06-09	0.48766	0.403389	0.09096	0.00001	0.012761	0.00522
WI-22-AB-01-10	0.138926	0.782039	0.079005	0.00001	0.00001	0.00001
KS-22-PB-04-02	0.989009	0.00001	0.010949	0.00001	0.000012	0.00001
GWAS-378-Cherry_33202	0.00001	0.111955	0.00001	0.888005	0.00001	0.00001
GWAS-206-WI-M-H-19-00100a	0.188752	0.632619	0.006118	0.172491	0.00001	0.00001
MO-22-PB-01-06	0.724184	0.275776	0.00001	0.00001	0.00001	0.00001
IL-23-AA-02-06	0.00001	0.970086	0.00001	0.029874	0.00001	0.00001
GWAS-402-WI-M-H-20-103	0.00001	0.00001	0.00001	0.00001	0.199109	0.800851
GWAS-375-Chinese_Hemp_Fiber_Planting_Seed	0.189978	0.662787	0.00001	0.147205	0.00001	0.00001
IL-22-PA-06-01	0.44032	0.544767	0.013445	0.001449	0.00001	0.00001
IN-22-MB-01-10	0.241681	0.00001	0.758279	0.00001	0.00001	0.00001
KS-22-PB-03-05	0.461202	0.399145	0.125017	0.00001	0.011445	0.003181
GWAS-447-WI-M-H-20-110	0.00001	0.794657	0.001738	0.193097	0.000627	0.009871
WI-22-AB-07-07	0.211339	0.777315	0.00001	0.009834	0.00001	0.001493
NE-22-PB-04-01	0.472752	0.420959	0.087161	0.010594	0.008524	0.00001
SD-23-AA-01-05	0.173196	0.718848	0.107926	0.00001	0.00001	0.00001
ND-23-AA-01-16	0.771783	0.223519	0.00001	0.00001	0.000163	0.004515
NE-22-PB-02-04	0.487653	0.45162	0.042422	0.011868	0.006191	0.000246
WI-22-AB-05-08	0.217546	0.61233	0.075859	0.073032	0.020428	0.000805
IL-22-AB-01-01	0.962773	0.007622	0.013441	0.0027	0.013454	0.00001
NE-22-PB-04-08	0.733025	0.243503	0.003636	0.001903	0.017923	0.00001
GWAS-161-WI-M-H-19-00105	0.00001	0.00001	0.00001	0.026204	0.58072	0.393046
WI-22-AB-03-05	0.198366	0.792397	0.00001	0.009207	0.00001	0.00001
MO-22-PB-05-06	0.151624	0.673125	0.164572	0.00001	0.006385	0.004284
IL-22-AB-01-08	0.365047	0.634909	0.00001	0.000014	0.00001	0.00001
IN-22-MB-01-09	0.175819	0.00001	0.824141	0.00001	0.00001	0.00001
GWAS-356-Magic_Bullet_5	0.00001	0.78223	0.00001	0.203037	0.004335	0.010377
IL-22-PA-04-03	0.00001	0.793589	0.037502	0.076753	0.02386	0.068286
GWAS-353-QPPL090	0.00001	0.784635	0.00001	0.198898	0.016437	0.00001
ND-23-AA-01-12	0.977764	0.00001	0.022196	0.00001	0.00001	0.00001
GWAS-371-Stormy	0.391813	0.454462	0.00001	0.153694	0.00001	0.00001
NE-22-PB-03-07	0.426031	0.448086	0.125853	0.00001	0.00001	0.00001
GWAS-124-WI-M-H-20-111	0.00001	0.00001	0.010205	0.063943	0.249583	0.676249
GWAS-150-Suvar_Haze_Seedless	0.00001	0.00001	0.223432	0.18697	0.160829	0.428749
IA-22-PB-06-10	0.707902	0.207013	0.085055	0.00001	0.00001	0.00001
IL-22-PA-01-05	0.00001	0.93283	0.037246	0.01821	0.011101	0.000603
GWAS-165-Hlesia	0.00001	0.00001	0.00001	0.00001	0.00001	0.99995
WI-22-AB-07-04	0.360975	0.637176	0.00001	0.001819	0.00001	0.00001
KS-22-PB-05-01	0.189112	0.656286	0.138536	0.00001	0.006374	0.009682
GWAS-364-Blue_Magnolia	0.00001	0.00001	0.00001	0.00001	0.064332	0.935628
ND-23-AA-01-03	0.999941	0.00001	0.00001	0.000019	0.00001	0.00001
GWAS-231-WI-M-H-19-00108	0.00001	0.00001	0.00001	0.237463	0.416404	0.346103
IA-22-PB-06-02	0.309964	0.665745	0.00001	0.011336	0.012935	0.00001
GWAS-438-118_Early_Harvest	0.365889	0.468301	0.00001	0.16578	0.00001	0.00001
SD-23-AA-01-13	0.80563	0.156036	0.00001	0.019031	0.013948	0.005345
IA-22-PB-04-08	0.742317	0.257643	0.00001	0.00001	0.00001	0.00001
WI-22-AB-03-07	0.218949	0.751548	0.00001	0.029472	0.00001	0.00001
NE-22-PB-03-02	0.235473	0.639832	0.057857	0.022923	0.00001	0.043906
WI-22-AB-08-01	0.00001	0.948369	0.015284	0.00001	0.035044	0.001283
MN-23-AA-02-15	0.375175	0.464983	0.159804	0.000018	0.00001	0.00001
WI-22-AB-13-01	0.117969	0.765242	0.087732	0.026877	0.00001	0.002169
MN-23-AA-03-05	0.08507	0.800196	0.114704	0.00001	0.00001	0.00001
GWAS-163-Hlesia	0.00001	0.00001	0.00001	0.00001	0.00001	0.99995
NE-22-PB-02-05	0.741735	0.246817	0.00001	0.006828	0.004601	0.00001
WI-22-FC-17-05	0.00001	0.561948	0.06938	0.07578	0.073515	0.219367
GWAS-218-21UO22_Boone_County_Feral	0.827969	0.00001	0.026773	0.13522	0.010018	0.00001
GWAS-352-Oregon_Guava	0.336573	0.475775	0.059358	0.128274	0.00001	0.00001
IA-22-PB-03-05	0.488753	0.499346	0.00001	0.011871	0.00001	0.00001
KS-22-PB-02-02	0.994979	0.00001	0.004976	0.000015	0.00001	0.00001
WI-22-AB-04-04	0.189204	0.803926	0.00001	0.006841	0.00001	0.00001
KS-22-PB-03-07	0.998806	0.00001	0.001154	0.00001	0.00001	0.00001
IL-22-PA-05-04	0.342782	0.511017	0.146171	0.00001	0.00001	0.00001
ND-23-AA-02-03	0.533316	0.40408	0.062244	0.00001	0.00001	0.00034
NE-22-PB-06-03	0.282081	0.491662	0.161698	0.012394	0.014615	0.03755
SD-23-AA-04-05	0.731068	0.200673	0.061421	0.00001	0.003844	0.002984
WI-22-AB-01-08	0.182465	0.771098	0.046407	0.00001	0.00001	0.00001
MN-23-AA-01-13	0.00001	0.953721	0.002627	0.043622	0.00001	0.00001
IA-22-PB-06-07	0.500901	0.460741	0.026137	0.004101	0.008111	0.00001
MN-23-AA-04-07	0.00001	0.926575	0.048315	0.011417	0.006516	0.007167
WI-22-AB-13-04	0.218068	0.688716	0.056752	0.036444	0.00001	0.00001
WI-22-AB-08-10	0.121906	0.782369	0.082983	0.00001	0.012722	0.00001
IL-22-AB-01-05	0.18479	0.808453	0.006727	0.00001	0.00001	0.00001
IA-22-PB-03-02	0.7692	0.195667	0.035103	0.00001	0.00001	0.00001
NE-22-PB-01-08	0.00284	0.83807	0.113524	0.013304	0.026841	0.005421
MN-23-AA-05-07	0.098827	0.757051	0.144088	0.000013	0.00001	0.00001
MN-23-AA-05-02	0.00001	0.941179	0.051048	0.002743	0.003175	0.001845
MO-22-PB-02-02	0.99995	0.00001	0.00001	0.00001	0.00001	0.00001
MO-22-PB-05-03	0.201774	0.663121	0.101648	0.00001	0.026733	0.006714
ND-23-AA-02-15	0.473207	0.39859	0.128173	0.00001	0.00001	0.00001
GWAS-410-WI-M-H-19-00100b	0.690877	0.164451	0.00001	0.144642	0.00001	0.00001
MN-23-AA-04-02	0.471047	0.528912	0.00001	0.000012	0.00001	0.00001
WI-22-AB-03-02	0.598994	0.390755	0.00001	0.010221	0.00001	0.00001
GWAS-215-Lara	0.142166	0.67533	0.031457	0.151027	0.00001	0.00001
IL-22-AB-01-10	0.325753	0.643883	0.030333	0.00001	0.00001	0.00001
IN-22-MB-01-03	0.181676	0.00001	0.818284	0.00001	0.00001	0.00001
IL-22-PA-01-02	0.00001	0.881188	0.070597	0.032129	0.014452	0.001624
MN-23-AA-05-09	0.172341	0.755953	0.068493	0.000011	0.003193	0.00001
GWAS-145-Ex_Wife	0.00001	0.08654	0.00001	0.907514	0.00001	0.005916
WI-22-AB-05-05	0.430569	0.442429	0.09737	0.026453	0.00317	0.00001
MN-22-AB-01-04	0.182855	0.765095	0.052014	0.000016	0.00001	0.00001
KS-22-PB-05-02	0.534823	0.432755	0.001875	0.007886	0.007891	0.01477
GWAS-432-H_51	0.00001	0.787153	0.01355	0.189403	0.003737	0.006147
GWAS-428-WI-M-H-20-107	0.00001	0.00001	0.00001	0.203896	0.425269	0.370805
MN-23-AA-05-04	0.00001	0.869602	0.053762	0.076606	0.00001	0.00001
NE-22-PB-02-01	0.508038	0.397136	0.059679	0.011055	0.00001	0.024082
MO-22-PB-02-07	0.728487	0.268098	0.00001	0.003385	0.00001	0.00001
IL-22-PA-04-02	0.215121	0.774759	0.00001	0.01009	0.00001	0.00001
MN-23-AA-01-03	0.00001	0.933274	0.044445	0.017303	0.00001	0.004958
WI-22-AB-08-04	0.00001	0.924445	0.027583	0.022008	0.025237	0.000718
WI-22-AB-12-02	0.579544	0.403064	0.00001	0.017362	0.00001	0.00001
SD-23-AA-03-07	0.297643	0.63415	0.031627	0.013704	0.011718	0.011158
GWAS-387-WI-M-H-20-105	0.00001	0.16256	0.00001	0.711266	0.024302	0.101852
GWAS-195-21UO_Stout	0.00001	0.00001	0.00001	0.00001	0.582978	0.416982
MN-23-AA-02-03	0.417755	0.444063	0.138152	0.00001	0.00001	0.00001
MO-22-PB-04-05	0.00001	0.868469	0.091783	0.00001	0.01702	0.022709
GWAS-223-WI-M-H-20-109	0.00001	0.065432	0.00001	0.934528	0.00001	0.00001
NE-22-PB-04-04	0.437186	0.414382	0.147156	0.00001	0.001257	0.00001
WI-22-FC-17-09	0.09065	0.593492	0.200094	0.022543	0.023564	0.069657
GWAS-348-Super_Wife	0.00001	0.060247	0.00001	0.939713	0.00001	0.00001
MN-23-AA-03-03	0.00001	0.948957	0.051003	0.00001	0.00001	0.00001
NE-22-PB-09-03	0.633222	0.232183	0.130827	0.00001	0.003747	0.00001
SD-23-AA-05-04	0.737792	0.21218	0.030108	0.001019	0.009247	0.009654
MO-22-PB-05-07	0.070447	0.666803	0.255589	0.00001	0.007141	0.00001
IL-22-PA-07-10	0.400829	0.453216	0.141471	0.004464	0.00001	0.00001
GWAS-380-WI-M-H-20-102	0.00001	0.00001	0.000011	0.00001	0.00001	0.999949
IA-22-PB-05-05	0.325404	0.61308	0.010814	0.032311	0.01838	0.00001
SD-23-AA-01-03	0.665002	0.163851	0.171117	0.00001	0.00001	0.00001
GWAS-384-Pine_Walker_Seedless	0.00001	0.826702	0.00001	0.168623	0.00001	0.004645
MO-22-PB-01-05	0.99995	0.00001	0.00001	0.00001	0.00001	0.00001
MN-23-AA-05-12	0.00001	0.94643	0.024667	0.021023	0.00001	0.007859
SD-23-AA-02-03	0.558525	0.374073	0.006203	0.019363	0.024269	0.017566
WI-22-AB-12-05	0.188869	0.712495	0.045507	0.053109	0.00001	0.00001
IL-23-AA-01-04	0.428655	0.571093	0.000221	0.00001	0.00001	0.00001
MN-23-AA-04-09	0.160751	0.761836	0.077383	0.00001	0.00001	0.00001
SD-23-AA-05-10	0.666544	0.162634	0.170792	0.00001	0.00001	0.00001
NE-22-PB-09-02	0.831372	0.061072	0.073578	0.008451	0.011637	0.013889
GWAS-127-Early_Cherry	0.00001	0.00001	0.00001	0.00001	0.00001	0.99995
KS-22-PB-04-04	0.479391	0.400533	0.120045	0.00001	0.00001	0.00001
IA-22-PB-04-01	0.00001	0.884542	0.074451	0.015343	0.005429	0.020225
IL-22-AB-01-02	0.161244	0.761131	0.036502	0.041104	0.00001	0.00001
IL-22-PA-04-01	0.00001	0.93534	0.00001	0.063151	0.0013	0.000189
IL-22-PA-07-08	0.456541	0.496751	0.046679	0.00001	0.00001	0.00001
KS-22-PB-03-03	0.999949	0.000011	0.00001	0.00001	0.00001	0.00001
WI-22-AB-08-09	0.00001	0.930675	0.035372	0.00001	0.020706	0.013227
GWAS-437-118_Early_Harvest	0.183849	0.643351	0.00001	0.172771	0.00001	0.00001
WI-22-AB-07-05	0.186824	0.806538	0.00001	0.00001	0.00001	0.006608
IL-22-PA-04-06	0.399604	0.566339	0.009769	0.017815	0.006464	0.00001
WI-22-AB-04-07	0.398754	0.601206	0.00001	0.00001	0.00001	0.00001
WI-22-AB-06-08	0.347696	0.652264	0.00001	0.00001	0.00001	0.00001
MN-23-AA-04-15	0.635764	0.287836	0.07637	0.00001	0.00001	0.00001
ND-23-AA-01-06	0.786117	0.213843	0.00001	0.00001	0.00001	0.00001
GWAS-210-Lara	0.00001	0.00001	0.00001	0.00001	0.99995	0.00001
MO-22-PB-05-02	0.00001	0.864127	0.107394	0.00001	0.00607	0.022388
MN-23-AA-02-13	0.471662	0.463467	0.064841	0.00001	0.00001	0.00001
GWAS-184-WI-M-H-19-00109	0.00001	0.00001	0.003311	0.018707	0.383821	0.594142
SD-23-AA-03-08a	0.40915	0.331506	0.259307	0.000017	0.00001	0.00001
GWAS-442-WI-M-H-19-00113	0.414957	0.396149	0.04382	0.145053	0.00001	0.00001
MO-22-PB-01-01	0.266059	0.652471	0.036414	0.00001	0.014273	0.030774
WI-22-AB-07-02	0.177587	0.804846	0.00001	0.017537	0.00001	0.00001
GWAS-439-Silver_Lining	0.189414	0.614086	0.025459	0.171021	0.00001	0.00001
IL-22-AB-02-03	0.061375	0.700506	0.233474	0.004625	0.00001	0.00001
GWAS-188-QPPL151	0.189435	0.533236	0.030591	0.186912	0.010496	0.04933
SD-23-AA-05-03	0.318536	0.593671	0.059017	0.001463	0.00001	0.027303
MN-23-AA-03-13	0.00001	0.926101	0.069894	0.000014	0.00001	0.003972
ND-23-AA-02-01	0.730801	0.208134	0.011583	0.049462	0.00001	0.00001
NE-22-PB-05-02	0.514894	0.327104	0.06092	0.020996	0.039072	0.037015
MO-22-PB-03-08	0.509141	0.436287	0.025359	0.023896	0.00001	0.005308
GWAS-138-21UO_Wife	0.00001	0.812885	0.00001	0.137862	0.027529	0.021703
MO-22-PB-02-10	0.99995	0.00001	0.00001	0.00001	0.00001	0.00001
WI-22-AB-12-08	0.00001	0.967053	0.00001	0.019624	0.010806	0.002498
MN-23-AA-03-02	0.00001	0.879955	0.096816	0.023199	0.00001	0.00001
MO-22-PB-01-02	0.99995	0.00001	0.00001	0.00001	0.00001	0.00001
GWAS-134-WI-M-H-21-00100	0.00001	0.777781	0.00001	0.211363	0.00001	0.010826
IL-22-AB-01-06	0.00001	0.975256	0.00001	0.024704	0.00001	0.00001
KS-22-PB-02-01	0.504305	0.415531	0.072921	0.00001	0.00001	0.007223
NE-22-PB-01-09	0.494961	0.467976	0.028947	0.00001	0.008096	0.00001
WI-22-AB-03-03	0.206751	0.75309	0.036201	0.003937	0.00001	0.00001
NE-22-PB-02-10	0.723502	0.266143	0.00001	0.00001	0.001617	0.008718
KS-22-PB-05-06	0.718882	0.239148	0.030648	0.00121	0.008602	0.00151
MN-23-AA-03-15	0.100725	0.798537	0.100708	0.00001	0.00001	0.00001
ND-23-AA-01-20	0.730183	0.173211	0.096576	0.00001	0.00001	0.00001
WI-22-AB-04-08	0.395945	0.604015	0.00001	0.00001	0.00001	0.00001
GWAS-374-Chinese_Hemp_Fiber_Planting_Seed	0.00001	0.823359	0.00001	0.175653	0.000958	0.00001
GWAS-403-WI-M-H-20-103	0.00001	0.00001	0.00001	0.00001	0.537417	0.462543
GWAS-230-WI-M-H-19-00108	0.000012	0.00001	0.00001	0.229557	0.390048	0.380362
IL-22-PA-01-07	0.420809	0.517785	0.061376	0.00001	0.00001	0.00001
KS-22-PB-01-02	0.17793	0.656288	0.164015	0.00001	0.001748	0.00001
ND-23-AA-01-11	0.309406	0.537145	0.074997	0.072476	0.00433	0.001646
ND-23-AA-02-13	0.729093	0.122954	0.147923	0.00001	0.00001	0.00001
IL-22-PA-07-05	0.224264	0.766562	0.009145	0.00001	0.00001	0.00001
GWAS-173-Altair	0.162865	0.62336	0.035389	0.177417	0.00001	0.000959
MN-23-AA-01-15	0.370118	0.533874	0.095978	0.00001	0.00001	0.00001
GWAS-205-Santium	0.428114	0.405107	0.012221	0.154538	0.00001	0.00001
GWAS-377-Cherry_33202	0.00001	0.00001	0.00001	0.99995	0.00001	0.00001
GWAS-170-#5_33200	0.00001	0.000011	0.00001	0.00001	0.216525	0.783434
SD-23-AA-01-01	0.782408	0.209208	0.00001	0.00001	0.00001	0.008354
IL-23-AA-03-01	0.427537	0.562433	0.01	0.00001	0.00001	0.00001
NE-22-PB-06-07	0.490756	0.395189	0.051275	0.022567	0.020364	0.019849
GWAS-160-WI-M-H-19-00105	0.00001	0.000011	0.00001	0.026605	0.565369	0.407994
WI-22-AB-06-02	0.160753	0.757842	0.081375	0.00001	0.00001	0.00001
GWAS-177-Cherry_Wine	0.00001	0.286196	0.00001	0.695644	0.007245	0.010895
GWAS-406-21UO_Zaki'	0.00001	0.06418	0.00001	0.102215	0.078563	0.755022
NE-22-PB-01-04	0.322649	0.58411	0.056276	0.00001	0.007463	0.029492
GWAS-355-QPPL090	0.213488	0.593899	0.00177	0.190823	0.00001	0.00001
GWAS-446-WI-M-H-20-110	0.00001	0.824986	0.00001	0.169592	0.00001	0.005392
ND-23-AA-01-08	0.293806	0.630787	0.067678	0.00001	0.007709	0.00001
MO-22-PB-02-06	0.723679	0.276281	0.00001	0.00001	0.00001	0.00001
NE-22-PB-08-01	0.669172	0.169232	0.108603	0.014113	0.020053	0.018826
MN-23-AA-01-01	0.140582	0.650475	0.198267	0.00001	0.00001	0.010656
IL-22-PA-07-02	0.43329	0.517444	0.045583	0.003664	0.00001	0.00001
WI-22-AB-06-05	0.188749	0.810435	0.00001	0.00001	0.000516	0.00028
SD-23-AA-04-02	0.456279	0.393106	0.138679	0.004186	0.00367	0.00408
GWAS-366-Otto_2	0.00001	0.00001	0.00001	0.00001	0.026113	0.973847
MO-22-PB-04-06	0.00001	0.893711	0.100338	0.00001	0.005921	0.00001
MO-22-PB-03-04	0.71637	0.271681	0.00001	0.00001	0.011919	0.00001
NE-22-PB-05-05	0.437741	0.34882	0.165754	0.00001	0.002844	0.044831
NE-22-PB-04-03	0.698681	0.256707	0.018861	0.008651	0.01709	0.00001
KS-22-PB-01-05	0.526451	0.401225	0.021982	0.00001	0.023197	0.027134
MN-23-AA-02-10	0.425522	0.468146	0.106302	0.00001	0.00001	0.00001
ND-23-AA-01-10	0.340399	0.639178	0.010817	0.00001	0.007244	0.002353
IL-23-AA-02-09	0.147116	0.803273	0.049581	0.00001	0.00001	0.00001
GWAS-399-WI-M-H-19-00103	0.00001	0.020422	0.00001	0.979533	0.000015	0.00001
MO-22-PB-02-03	0.527776	0.437522	0.034669	0.000013	0.00001	0.00001
ND-23-AA-01-15	0.250189	0.493169	0.173689	0.082928	0.000015	0.00001
MO-22-PB-05-04	0.080602	0.658278	0.25561	0.00001	0.00549	0.00001
SD-23-AA-05-01	0.770558	0.188443	0.017586	0.00001	0.012731	0.010673
GWAS-351-Oregon_Guava	0.00001	0.00001	0.00001	0.00001	0.99995	0.00001
NE-22-PB-06-08	0.330761	0.473694	0.1186	0.020408	0.019807	0.03673
SD-23-AA-03-08b	0.781884	0.191342	0.008809	0.00001	0.017946	0.00001
MN-23-AA-02-09	0.383096	0.483276	0.133598	0.00001	0.00001	0.00001
WI-22-AB-12-01	0.215918	0.719411	0.023237	0.041414	0.00001	0.00001
MN-23-AA-03-11	0.088892	0.718396	0.192683	0.00001	0.00001	0.00001
SD-23-AA-04-09	0.903972	0.00001	0.086497	0.00001	0.00001	0.009501
IL-22-AB-01-04	0.00001	0.97785	0.00001	0.013766	0.008354	0.00001
GWAS-159-WI-M-H-19-00105	0.00001	0.00001	0.00001	0.00001	0.823844	0.176116
NE-22-PB-04-05	0.768262	0.218614	0.00001	0.00001	0.007501	0.005603
NE-22-PB-01-07	0.225056	0.628602	0.141845	0.00001	0.004031	0.000456
GWAS-155-WI-M-H-19-00107	0.00001	0.733589	0.00001	0.224011	0.019429	0.022951
MO-22-PB-03-07	0.734693	0.258418	0.00001	0.006859	0.00001	0.00001
MN-22-AB-01-03	0.158716	0.7638	0.077454	0.00001	0.00001	0.00001
KS-22-PB-04-03	0.99995	0.00001	0.00001	0.00001	0.00001	0.00001
SD-23-AA-04-01	0.495357	0.388261	0.114585	0.00001	0.00001	0.001776
SD-23-AA-05-09	0.504863	0.401996	0.091342	0.00001	0.001779	0.00001
GWAS-418-Henola	0.00001	0.00001	0.00001	0.00001	0.099373	0.900587
GWAS-414-Ruby_#1	0.196684	0.629701	0.00001	0.173585	0.00001	0.00001
WI-22-AB-03-08	0.384334	0.615626	0.00001	0.00001	0.00001	0.00001
ND-23-AA-02-10	0.523706	0.402519	0.070667	0.003088	0.00001	0.00001
WI-22-AB-04-05	0.441438	0.558515	0.00001	0.000016	0.00001	0.00001
WI-22-AB-03-01	0.400776	0.599184	0.00001	0.00001	0.00001	0.00001
NE-22-PB-06-02	0.645014	0.112674	0.210216	0.005079	0.011038	0.015979
IL-23-AA-02-02	0.181708	0.793088	0.025174	0.00001	0.00001	0.00001
GWAS-395-WI-M-H-20-112	0.00001	0.00001	0.00001	0.00001	0.889075	0.110885
GWAS-392-Grandi	0.00001	0.537407	0.00001	0.317761	0.050537	0.094275
KS-22-PB-05-03	0.557395	0.399095	0.032468	0.002721	0.000736	0.007585
NE-22-PB-03-03	0.124821	0.664331	0.210817	0.00001	0.00001	0.00001
GWAS-411-WI-M-H-19-00100b	0.414166	0.227236	0.090466	0.174295	0.002438	0.091399
SD-23-AA-01-07	0.999948	0.00001	0.000012	0.00001	0.00001	0.00001
WI-22-AB-03-10	0.405088	0.57607	0.01881	0.000012	0.00001	0.00001
IL-22-PA-01-08	0.00001	0.920067	0.036984	0.026165	0.016764	0.00001
MO-22-PB-03-01	0.729873	0.270087	0.00001	0.00001	0.00001	0.00001
IL-23-AA-02-08	0.174091	0.800711	0.025168	0.00001	0.00001	0.00001
WI-22-FC-17-10	0.00001	0.612554	0.08248	0.029684	0.073441	0.201831
IL-23-AA-01-10	0.671566	0.328394	0.00001	0.00001	0.00001	0.00001
MN-23-AA-03-09	0.00001	0.932623	0.067337	0.00001	0.00001	0.00001
GWAS-148-Hot_Blonde	0.00001	0.014226	0.074422	0.040456	0.383102	0.487784
MO-22-PB-03-05	0.442152	0.471668	0.086151	0.00001	0.00001	0.00001
MO-22-PB-01-03	0.522184	0.438255	0.031198	0.008343	0.00001	0.00001
MN-23-AA-02-11	0.190703	0.709526	0.099742	0.00001	0.00001	0.00001
ND-23-AA-01-05	0.745922	0.218446	0.02505	0.010562	0.00001	0.00001
NE-22-PB-09-01	0.608008	0.221905	0.117383	0.00438	0.019455	0.02887
IN-22-MB-01-06	0.00001	0.00001	0.99995	0.00001	0.00001	0.00001
GWAS-224-Hempress_2_33206	0.116202	0.00001	0.035248	0.848519	0.00001	0.00001
MN-23-AA-02-08	0.403894	0.486507	0.109569	0.00001	0.00001	0.00001
GWAS-429-WI-M-H-20-107	0.00001	0.00001	0.00001	0.239193	0.404795	0.355982
NE-22-PB-03-01	0.00001	0.823372	0.13186	0.00001	0.00001	0.044738
GWAS-425-WI-M-H-19-00104	0.147647	0.556782	0.081951	0.204697	0.00001	0.008913
NE-22-PB-06-04	0.429768	0.382636	0.164059	0.00001	0.013371	0.010156
WI-22-FC-17-04	0.03237	0.628348	0.187554	0.048471	0.030084	0.073172
MO-22-PB-02-05	0.99995	0.00001	0.00001	0.00001	0.00001	0.00001
GWAS-436-118_Early_Harvest	0.187297	0.612206	0.00001	0.200467	0.00001	0.00001
IA-22-PB-04-10	0.770864	0.214119	0.00001	0.00001	0.009798	0.0052
GWAS-217-21UO22_Boone_County_Feral	0.807967	0.00001	0.02615	0.148209	0.017655	0.00001
GWAS-196-WI-M-H-19-00112	0.00001	0.787562	0.00001	0.206023	0.00001	0.006385
MN-23-AA-01-08	0.00001	0.890876	0.082071	0.017657	0.00725	0.002136
KS-22-PB-02-07	0.494674	0.447984	0.043834	0.00001	0.007738	0.00576
ND-23-AA-02-20	0.724493	0.135928	0.139549	0.00001	0.00001	0.00001
GWAS-422-Auto_Pilot_1.0	0.00001	0.000013	0.00001	0.999947	0.00001	0.00001
IL-22-PA-07-09	0.668024	0.32624	0.00001	0.005706	0.00001	0.00001
NE-22-PB-05-06	0.500294	0.290088	0.158703	0.013291	0.013956	0.023669
GWAS-144-Ex_Wife	0.00001	0.00001	0.00001	0.00001	0.00001	0.99995
ND-23-AA-02-08	0.494933	0.411007	0.094029	0.000011	0.00001	0.00001
IA-22-PB-04-09	0.70127	0.29869	0.00001	0.00001	0.00001	0.00001
KS-22-PB-05-05	0.488983	0.397893	0.090441	0.00001	0.007498	0.015176
GWAS-454-Vega	0.000011	0.00001	0.00001	0.999949	0.00001	0.00001
IL-22-PA-05-01	0.15261	0.683179	0.133364	0.012689	0.00001	0.018148
WI-22-AB-01-05	0.00001	0.923478	0.037083	0.021757	0.017662	0.00001
KS-22-PB-03-06	0.46591	0.410953	0.106488	0.006796	0.009844	0.00001
WI-22-AB-04-09	0.604003	0.393421	0.00001	0.002546	0.00001	0.00001
ND-23-AA-02-11	0.688156	0.23481	0.077004	0.00001	0.00001	0.00001
WI-22-AB-07-08	0.18132	0.802417	0.00001	0.016233	0.00001	0.00001
NE-22-PB-01-05	0.681912	0.244007	0.074051	0.00001	0.00001	0.00001
GWAS-216-Lara	0.00001	0.782853	0.005814	0.202185	0.009127	0.00001
ND-23-AA-01-14	0.592443	0.305208	0.050427	0.051902	0.00001	0.00001
GWAS-347-Super_Wife	0.00001	0.067551	0.00001	0.897663	0.021477	0.013288
SD-23-AA-03-10	0.732377	0.223051	0.01121	0.014671	0.015397	0.003293
GWAS-381-WI-M-H-20-102	0.00001	0.00001	0.00001	0.00001	0.00001	0.99995
WI-22-FC-17-02	0.59107	0.346789	0.046177	0.015944	0.00001	0.00001
IA-22-PB-03-09	0.480551	0.507959	0.00001	0.011459	0.000011	0.00001
KS-22-PB-02-05	0.687515	0.18928	0.123175	0.00001	0.00001	0.00001
MN-22-AB-01-05	0.00001	0.928408	0.040049	0.031513	0.00001	0.00001
MN-23-AA-01-11	0.146918	0.755593	0.095243	0.00001	0.00001	0.002225
GWAS-130-21UO_S1	0.00001	0.00001	0.00001	0.00001	0.383695	0.616265
MN-23-AA-03-14	0.00001	0.975037	0.024923	0.00001	0.00001	0.00001
MN-23-AA-01-05	0.136035	0.79073	0.073203	0.000012	0.00001	0.00001
IN-22-MB-01-07	0.025938	0.270338	0.659927	0.00001	0.028213	0.015573
GWAS-126-Early_Cherry	0.00001	0.00001	0.00001	0.006032	0.237213	0.756725
NE-22-PB-05-01	0.965932	0.00001	0.017934	0.00001	0.00001	0.016104
MN-23-AA-02-01	0.391038	0.497739	0.111189	0.000014	0.00001	0.00001
ND-23-AA-01-01	0.735089	0.195441	0.069441	0.00001	0.00001	0.00001
IL-23-AA-01-08	0.454782	0.541071	0.004117	0.00001	0.00001	0.00001
GWAS-185-QPPL151	0.00001	0.017787	0.025704	0.033359	0.214147	0.708994
NE-22-PB-02-08	0.747458	0.227317	0.00001	0.014257	0.00001	0.010947
MN-23-AA-04-10	0.152773	0.746417	0.100779	0.00001	0.00001	0.00001
MN-23-AA-05-14	0.00001	0.918579	0.060552	0.00001	0.00001	0.020839
NE-22-PB-05-07	0.424662	0.37327	0.171227	0.00001	0.014533	0.016297
MO-22-PB-04-08	0.434038	0.457518	0.090325	0.00001	0.009106	0.009003
IA-22-PB-05-03	0.743729	0.242911	0.000013	0.006013	0.00001	0.007324
MN-23-AA-02-02	0.384904	0.49474	0.110134	0.010202	0.00001	0.00001
GWAS-115-Oregon_Sweetgum_	0.330485	0.192773	0.107749	0.115658	0.027098	0.226236
GWAS-449-WI-M-H-20-104	0.023297	0.00001	0.181471	0.119719	0.110553	0.564949
WI-22-AB-11-08	0.00001	0.993748	0.000308	0.005914	0.00001	0.00001
MN-23-AA-05-05	0.118663	0.813461	0.067846	0.00001	0.00001	0.00001
MO-22-PB-04-02	0.00001	0.880354	0.096922	0.00001	0.013325	0.00938
GWAS-369-Otto_2	0.00001	0.802044	0.00001	0.188201	0.009725	0.00001
NE-22-PB-03-09	0.99995	0.00001	0.00001	0.00001	0.00001	0.00001
WI-22-AB-11-05	0.00001	0.988438	0.00001	0.011522	0.00001	0.00001
ND-23-AA-01-18	0.225563	0.547175	0.190036	0.00001	0.00001	0.037206
IA-22-PB-06-06	0.163195	0.700105	0.133505	0.002205	0.00001	0.00098
GWAS-119-21UO04_Boone_County_Feral	0.00001	0.00001	0.00001	0.00001	0.00001	0.99995
GWAS-189-White_CBG_Seedless	0.211245	0.598057	0.00001	0.187171	0.00001	0.003506
GWAS-137-21UO_Wife	0.00001	0.773484	0.00001	0.183087	0.006099	0.03731
MN-23-AA-03-10	0.182318	0.776748	0.040904	0.00001	0.00001	0.00001
GWAS-358-Magic_Bullet_5	0.00001	0.134276	0.00001	0.865684	0.00001	0.00001
MN-23-AA-02-05	0.413326	0.472536	0.114107	0.00001	0.00001	0.00001
IL-22-PA-05-02	0.046626	0.679578	0.25215	0.015177	0.006427	0.000042
NE-22-PB-02-09	0.00001	0.812866	0.118861	0.029102	0.007063	0.032097
MN-23-AA-04-14	0.690441	0.281155	0.028374	0.00001	0.00001	0.00001
GWAS-400-WI-M-H-19-00103	0.00001	0.060716	0.00001	0.022317	0.287162	0.629786
WI-22-AB-04-03	0.390741	0.609219	0.00001	0.00001	0.00001	0.00001
GWAS-122-WI-M-H-20-111	0.00001	0.00001	0.00001	0.00001	0.438783	0.561177
NE-22-PB-01-06	0.491355	0.491312	0.008886	0.002416	0.00001	0.006021
NE-22-PB-03-10	0.151313	0.682945	0.165519	0.00001	0.00001	0.000203
GWAS-373-Stormy	0.00001	0.802953	0.00001	0.197007	0.00001	0.00001
SD-23-AA-05-02	0.343205	0.533176	0.09842	0.008082	0.012216	0.004901
SD-23-AA-03-03	0.730972	0.238406	0.012455	0.00001	0.000156	0.018001
MN-23-AA-02-14	0.464493	0.48292	0.052557	0.00001	0.00001	0.00001
MN-23-AA-04-05	0.448835	0.551125	0.00001	0.00001	0.00001	0.00001
GWAS-233-WI-M-H-19-00108	0.000016	0.00001	0.291563	0.094454	0.206234	0.407723
ND-23-AA-02-18	0.2258	0.624714	0.149456	0.00001	0.00001	0.00001
MO-22-PB-02-04	0.99995	0.00001	0.00001	0.00001	0.00001	0.00001
GWAS-174-Cherry_Wine	0.190954	0.618887	0.021521	0.168618	0.00001	0.00001
MO-22-PB-04-01	0.00001	0.836805	0.136389	0.000873	0.011708	0.014215
IL-23-AA-01-05	0.437919	0.546136	0.015913	0.000012	0.00001	0.00001
MN-23-AA-05-10	0.072791	0.781193	0.142853	0.00001	0.003142	0.00001
MN-23-AA-05-01	0.058059	0.79878	0.142305	0.00001	0.00001	0.000836
SD-23-AA-02-07	0.767054	0.18026	0.027407	0.00001	0.025259	0.00001
WI-22-AB-12-06	0.00001	0.962505	0.00001	0.032471	0.004994	0.00001
MO-22-PB-01-04	0.99995	0.00001	0.00001	0.00001	0.00001	0.00001
GWAS-178-X59	0.406187	0.381861	0.00001	0.196119	0.00001	0.015813
MN-23-AA-04-01	0.98002	0.01994	0.00001	0.00001	0.00001	0.00001
MN-23-AA-01-14	0.201294	0.774518	0.024158	0.00001	0.00001	0.00001
ND-23-AA-02-14	0.93986	0.00001	0.0601	0.00001	0.00001	0.00001
KS-22-PB-04-05	0.490174	0.425412	0.082665	0.00001	0.00173	0.00001
GWAS-208-WI-M-H-19-00100a	0.00001	0.00001	0.00001	0.00001	0.99995	0.00001
SD-23-AA-04-06	0.681507	0.131877	0.186585	0.00001	0.00001	0.00001
KS-22-PB-02-06	0.495206	0.420105	0.071416	0.00001	0.00001	0.013253
IL-23-AA-02-01	0.170261	0.829697	0.00001	0.000012	0.00001	0.00001
MN-23-AA-03-01	0.00001	0.871426	0.097023	0.031521	0.00001	0.00001
KS-22-PB-03-02	0.516333	0.482915	0.00001	0.00001	0.000722	0.00001
WI-22-FC-17-03	0.00001	0.5249	0.088515	0.062525	0.100621	0.223428
GWAS-445-WI-M-H-19-00113	0.385714	0.421125	0.028797	0.164344	0.00001	0.00001
ND-23-AA-02-05	0.24154	0.576806	0.174364	0.00001	0.002722	0.004558
GWAS-281-Panakeia	0.233177	0.604473	0.002263	0.160068	0.00001	0.00001
NE-23-ID-01-02	0.715357	0.183362	0.069987	0.00001	0.00001	0.031274
GWAS-89-21UO_PI-22-15	0.00001	0.00001	0.00001	0.00001	0.192487	0.807473
SD-23-JH-08-13	0.785115	0.122703	0.014564	0.072693	0.00001	0.004914
SD-23-JH-07-20	0.228446	0.564324	0.168392	0.03345	0.00001	0.005377
SD-23-JH-06-03	0.953683	0.00001	0.046277	0.00001	0.00001	0.00001
WI-23-NS-01-02	0.232163	0.762693	0.005114	0.00001	0.00001	0.00001
GWAS-37-Smooth_operator	0.203629	0.620194	0.000012	0.176146	0.00001	0.00001
GWAS-284-Special_Sauce	0.00001	0.00001	0.00001	0.00001	0.99995	0.00001
GWAS-288-Maverick	0.00001	0.786078	0.018876	0.169817	0.005426	0.019793
GWAS-33-CFX-2	0.00001	0.479097	0.00001	0.379961	0.063917	0.077005
NE-23-JB-02-05	0.943058	0.00001	0.056902	0.00001	0.00001	0.00001
GWAS-76-Ultra_Women	0.00001	0.086635	0.206506	0.213737	0.128587	0.364525
IA-23-KL-01-08	0.906859	0.00001	0.093101	0.00001	0.00001	0.00001
GWAS-291-Forbidden_V	0.00001	0.00001	0.00001	0.00001	0.00001	0.99995
GWAS-307-WI-M-H-19-00102	0.00001	0.00001	0.00001	0.00001	0.00001	0.99995
GWAS-26-Lifter	0.00001	0.105977	0.00001	0.886383	0.007609	0.00001
IN-23-MB-01-04	0.04187	0.1757	0.782393	0.00001	0.000017	0.00001
G33199-22GI-SD-J	0.18364	0.797838	0.00001	0.018492	0.00001	0.00001
GWAS-303-WI-M-H-21-00103	0.00001	0.00001	0.03064	0.018309	0.535148	0.415882
GWAS-55-202_EVY	0.00001	0.067861	0.01351	0.10197	0.084387	0.732262
IN-23-MB-01-09	0.232415	0.00001	0.767545	0.00001	0.00001	0.00001
GWAS-111-Bialobrzeskie	0.00001	0.00001	0.00001	0.00001	0.427614	0.572346
GWAS-266-WI-M-H-20-101	0.00001	0.000014	0.00001	0.00001	0.357275	0.642681
NE-23-JB-04-03	0.495423	0.357871	0.096276	0.00001	0.009806	0.040614
GWAS-320-198_MUY	0.00001	0.046414	0.107714	0.002032	0.321134	0.522697
IA-23-KL-01-03	0.713701	0.26535	0.020919	0.00001	0.00001	0.00001
GWAS-30-Franklin	0.00001	0.00807	0.00001	0.018871	0.455445	0.517594
GWAS-270-WI-M-H-19-00101	0.00001	0.307434	0.00001	0.638049	0.02214	0.032357
IN-23-MB-02-14	0.409715	0.00001	0.526687	0.00001	0.025082	0.038496
GWAS-263-WI-M-H-20-108	0.00001	0.00001	0.00001	0.00001	0.859877	0.140083
SD-23-JH-08-07	0.769587	0.194495	0.000761	0.035136	0.00001	0.00001
GWAS-44-Apollo	0.00001	0.00001	0.00001	0.00001	0.549862	0.450098
GWAS-343-WI-M-H-20-114	0.00001	0.054609	0.00001	0.021932	0.124467	0.798973
GWAS-295-Bubbatonic	0.00001	0.00001	0.000016	0.00001	0.950366	0.049588
GWAS-48-Santhica_70	0.00001	0.00001	0.003281	0.028079	0.596164	0.372456
NE-23-JB-03-01	0.938078	0.00001	0.061882	0.00001	0.00001	0.00001
GWAS-299-WI-M-H-19-00110	0.00001	0.00001	0.00001	0.00001	0.075134	0.924826
SD-23-JH-06-13	0.942488	0.00001	0.057472	0.00001	0.00001	0.00001
SD-23-JH-07-10	0.730691	0.123014	0.146265	0.00001	0.00001	0.00001
GWAS-234-Early_Nueve	0.00001	0.00001	0.12501	0.070869	0.242784	0.561317
GWAS-51-White_CBG_	0.00001	0.00001	0.09854	0.060724	0.316916	0.523799
GWAS-252-WI-M-H-19-00111	0.00001	0.82185	0.010578	0.155256	0.012296	0.00001
SD-23-JH-07-15	0.75306	0.168122	0.074948	0.00001	0.00385	0.00001
SD-23-JH-08-12	0.960767	0.00001	0.039193	0.00001	0.00001	0.00001
GWAS-5-WULF	0.463812	0.283525	0.00001	0.205352	0.021109	0.026192
GWAS-318-QPPL148	0.00001	0.808504	0.00001	0.189021	0.002445	0.00001
NE-23-JB-02-06	0.93222	0.00001	0.06774	0.00001	0.00001	0.00001
IA-23-KL-01-01	0.285467	0.645623	0.047547	0.012516	0.0004	0.008446
GWAS-335-Dr_Chunk	0.148785	0.590278	0.086606	0.174168	0.00001	0.000154
GWAS-259-Amaze_Auto	0.00001	0.00001	0.00001	0.99995	0.00001	0.00001
GWAS-255-Pipeline	0.65594	0.180755	0.00001	0.155569	0.00001	0.007716
GWAS-84-WI-M-H-20-113	0.00001	0.00001	0.00001	0.009629	0.058006	0.932335
Idalia-B4-CO	0.969845	0.00001	0.030115	0.00001	0.00001	0.00001
GWAS-338-WI-M-H-21-00104	0.124634	0.512542	0.183747	0.135924	0.021031	0.022122
NE-23-JB-03-02	0.957646	0.00001	0.042314	0.00001	0.00001	0.00001
GWAS-102-The_Grand	0.00001	0.00001	0.00001	0.00001	0.764127	0.235833
IN-23-MB-02-12	0.128822	0.245256	0.462546	0.00363	0.049133	0.110613
GWAS-1-21UO_PI-32-15	0.00001	0.006415	0.056051	0.2046	0.110803	0.622121
GWAS-314-Picolo	0.00001	0.00001	0.00001	0.00001	0.00001	0.99995
GWAS-73-Ultra_Women	0.00001	0.00001	0.00001	0.99995	0.00001	0.00001
NE-23-JB-04-02	0.174289	0.559605	0.25216	0.010129	0.003808	0.00001
GWAS-12-Katani	0.00001	0.00001	0.00001	0.00001	0.51669	0.48327
GWAS-23-Lifter	0.00001	0.004581	0.00001	0.030683	0.033342	0.931373
SD-23-JH-06-18	0.247228	0.546549	0.174318	0.015899	0.004655	0.011351
NE-23-JB-05-06	0.890201	0.00001	0.109759	0.00001	0.00001	0.00001
SD-23-JH-07-05	0.466699	0.434125	0.098089	0.000018	0.001059	0.00001
G33199-22GI-SD-Eb	0.362757	0.637203	0.00001	0.00001	0.00001	0.00001
SD-23-JH-08-19	0.982731	0.00001	0.017229	0.00001	0.00001	0.00001
SD-23-JH-08-11	0.293118	0.486688	0.099265	0.091003	0.006036	0.02389
IN-23-MB-01-07	0.151732	0.00001	0.848228	0.00001	0.00001	0.00001
Idalia-B6-CO	0.515715	0.37707	0.090797	0.00001	0.016397	0.00001
SD-23-JH-08-05	0.774356	0.207902	0.005344	0.00001	0.00001	0.012377
Idalia-B3-CO	0.00001	0.00001	0.146972	0.00001	0.112285	0.740712
NE-23-JB-01-01	0.678444	0.199339	0.115191	0.00001	0.007006	0.00001
NE-23-JB-01-05	0.941694	0.00001	0.058266	0.00001	0.00001	0.00001
IN-23-MB-02-11	0.00001	0.248081	0.605993	0.014482	0.045428	0.086005
SD-23-JH-06-05	0.963963	0.00001	0.035997	0.00001	0.00001	0.00001
GWAS-237-Early_Nueve	0.00001	0.805337	0.00001	0.179034	0.011552	0.004057
NE-23-JB-02-02	0.720385	0.198487	0.068911	0.00001	0.00001	0.012197
SD-23-JH-06-11	0.936023	0.00001	0.063937	0.00001	0.00001	0.00001
GWAS-110-Bialobrzeskie	0.00001	0.00001	0.00001	0.00001	0.410553	0.589407
SD-23-JH-08-14	0.975475	0.00001	0.024485	0.00001	0.00001	0.00001
WI-23-NP-01-05	0.168274	0.720995	0.109327	0.000017	0.001377	0.00001
NE-23-JB-05-04	0.458348	0.358816	0.154164	0.00001	0.003061	0.025601
NE-23-JB-02-04	0.717783	0.095891	0.186296	0.00001	0.00001	0.00001
GWAS-98-Eighty_Eight	0.00001	0.00001	0.024322	0.007001	0.278471	0.690186
GWAS-326-Futura_83	0.00001	0.00001	0.00001	0.99995	0.00001	0.00001
IA-23-JA-01-09	0.201379	0.715495	0.083096	0.00001	0.00001	0.00001
NE-23-JB-03-04	0.664082	0.232305	0.079355	0.017771	0.00001	0.006477
GWAS-96-Eighty_Eight	0.00001	0.048001	0.00001	0.951959	0.00001	0.00001
GWAS-69-Hempress_2	0.00001	0.00001	0.00001	0.00001	0.371383	0.628577
SD-23-JH-06-07	0.761191	0.148369	0.090409	0.00001	0.00001	0.00001
SD-23-JH-08-20	0.99995	0.00001	0.00001	0.00001	0.00001	0.00001
IN-23-MB-01-14	0.00001	0.00001	0.99995	0.00001	0.00001	0.00001
GWAS-62-Sour_Pineapple	0.00001	0.00001	0.000014	0.00001	0.129447	0.870509
NE-23-JB-01-03	0.945777	0.00001	0.054183	0.00001	0.00001	0.00001
NE-23-JB-04-04	0.323291	0.511805	0.095841	0.025375	0.017997	0.025692
NE-23-JB-05-03	0.438644	0.336088	0.200358	0.00001	0.018977	0.005923
GWAS-79-Suver_Haze	0.103153	0.00001	0.109137	0.090685	0.045647	0.651368
SD-23-JH-08-02	0.96251	0.00001	0.03745	0.00001	0.00001	0.00001
GWAS-311-EPG	0.081369	0.00001	0.330359	0.162292	0.137596	0.288375
SD-23-JH-07-19	0.476763	0.379096	0.142849	0.00001	0.00001	0.001272
GWAS-269-WI-M-H-19-00101	0.00001	0.342771	0.00001	0.649092	0.007502	0.000615
IA-23-JA-01-03	0.39606	0.556334	0.047575	0.00001	0.00001	0.00001
GWAS-285-WI-M-H-20-00115	0.00001	0.00001	0.00001	0.00001	0.950993	0.048967
GWAS-38-Smooth_operator	0.190123	0.640993	0.00001	0.168854	0.00001	0.00001
GWAS-34-CFX-2	0.00001	0.049382	0.00001	0.084468	0.102772	0.763358
GWAS-308-EPG	0.00001	0.00001	0.00001	0.00001	0.00001	0.99995
SD-23-JH-07-03	0.977273	0.00001	0.022687	0.00001	0.00001	0.00001
GWAS-292-Forbidden_V	0.00001	0.00001	0.014062	0.00001	0.139538	0.84637
GWAS-27-ChinMa	0.00001	0.030882	0.00001	0.969078	0.00001	0.00001
GWAS-274-CFX-1	0.37288	0.482582	0.0191	0.125418	0.00001	0.00001
GWAS-43-Apollo	0.00001	0.00001	0.00001	0.00001	0.573606	0.426354
SD-23-JH-07-07	0.645103	0.274694	0.043271	0.00001	0.005324	0.031597
GWAS-40-Eletta_Campana	0.00001	0.078148	0.00001	0.917705	0.00001	0.004116
GWAS-265-WI-M-H-20-101	0.00001	0.00001	0.00001	0.00001	0.362664	0.637296
SD-23-JH-07-02	0.758939	0.152709	0.033054	0.055278	0.00001	0.00001
GWAS-54-202_EVY	0.00001	0.081455	0.00001	0.094423	0.115921	0.70818
NE-23-JB-03-05	0.88555	0.00001	0.108816	0.00001	0.005604	0.00001
GWAS-92-Badger_3	0.00001	0.00001	0.063852	0.039228	0.319489	0.577411
GWAS-31-Franklin	0.00001	0.528988	0.00001	0.3408	0.047671	0.08252
GWAS-271-CFX-1	0.421803	0.444749	0.008195	0.125232	0.00001	0.00001
GWAS-57-BaOx_Hybrid	0.00001	0.341936	0.00001	0.611476	0.01106	0.035507
IL-23-AA-04-01	0.00001	0.919674	0.02839	0.051907	0.00001	0.00001
SD-23-JH-06-20	0.516823	0.3876	0.048341	0.00001	0.026359	0.020867
G33199-22GI-SD-G	0.187669	0.810064	0.00001	0.002238	0.00001	0.00001
IA-23-JA-01-02	0.173433	0.731932	0.094605	0.00001	0.00001	0.00001
GWAS-296-Bubbatonic	0.00001	0.00001	0.00001	0.00001	0.937266	0.062694
GWAS-304-WI-M-H-19-00102	0.00001	0.00001	0.059957	0.078715	0.171666	0.689642
GWAS-333-WI-M-H-20-106	0.00001	0.853755	0.00001	0.146205	0.00001	0.00001
GWAS-47-WI-M-H-21-00101	0.00001	0.00001	0.003001	0.001576	0.562407	0.432996
GWAS-300-WI-M-H-19-00110	0.00001	0.00001	0.003046	0.051326	0.103473	0.842135
IA-23-JA-01-07	0.192497	0.760427	0.047047	0.00001	0.00001	0.00001
GWAS-336-Dr_Chunk	0.367832	0.41216	0.077921	0.142067	0.00001	0.00001
SD-23-JH-08-16	0.773089	0.216653	0.010228	0.00001	0.00001	0.00001
GWAS-342-199_ENO	0.00001	0.793218	0.00001	0.206742	0.00001	0.00001
GWAS-104-The_Grand	0.399964	0.333515	0.128524	0.123762	0.007453	0.006782
IN-23-MB-01-12	0.00001	0.000011	0.999949	0.00001	0.00001	0.00001
GWAS-258-Amaze_Auto	0.00001	0.00001	0.00001	0.00001	0.282749	0.717211
NE-23-JB-05-02	0.695168	0.113465	0.18383	0.00001	0.00001	0.007516
IA-23-KL-01-10	0.720754	0.247024	0.025619	0.00001	0.006582	0.00001
GWAS-4-WULF	0.39087	0.057781	0.16388	0.19692	0.048092	0.142457
GWAS-50-Santhica_70	0.00001	0.00001	0.077909	0.031533	0.358113	0.532425
GWAS-108-Pineapple_Kush	0.178584	0.658737	0.00001	0.162648	0.00001	0.00001
WI-23-SE-01-01	0.00001	0.932903	0.023338	0.043729	0.00001	0.00001
GWAS-341-199_ENO	0.00001	0.797341	0.00001	0.202619	0.00001	0.00001
SD-23-JH-06-09	0.550499	0.339228	0.036119	0.043884	0.022673	0.007598
GWAS-107-Pineapple_Kush	0.580219	0.290308	0.00001	0.129443	0.00001	0.00001
IN-23-MB-02-01	0.407864	0.00001	0.544751	0.00001	0.00001	0.047355
GWAS-10-Katani	0.00001	0.00001	0.00001	0.00001	0.53768	0.46228
G33199-22GI-SD-C	0.00001	0.992532	0.00001	0.007428	0.00001	0.00001
GWAS-241-FL71_x_FL71	0.00001	0.018168	0.079411	0.009196	0.345556	0.547658
IL-23-AA-04-02	0.415724	0.472007	0.112239	0.00001	0.00001	0.00001
GWAS-20-Park_Dale	0.00001	0.00001	0.454356	0.172747	0.115782	0.257094
GWAS-244-FL71_x_FL71	0.00001	0.052016	0.00001	0.013338	0.233887	0.700738
NE-23-JB-03-06	0.909803	0.00001	0.090157	0.00001	0.00001	0.00001
IN-23-MB-02-02	0.200652	0.117524	0.557109	0.00001	0.016603	0.108101
GWAS-289-Maverick	0.00001	0.00001	0.00001	0.00001	0.00001	0.99995
NE-23-JB-01-06	0.482982	0.328216	0.160979	0.00001	0.006382	0.021431
GWAS-337-WI-M-H-21-00104	0.458075	0.319021	0.060473	0.1139	0.017638	0.030893
G33199-22GI-SD-F	0.314583	0.645074	0.00001	0.008125	0.00001	0.032198
GWAS-13-Auto_Blunami	0.17353	0.110732	0.020536	0.023416	0.047295	0.62449
SD-23-JH-08-03	0.748673	0.133335	0.065723	0.042799	0.00788	0.00159
SD-23-JH-07-06	0.794124	0.192467	0.001547	0.009273	0.00001	0.00258
IA-23-JA-01-06	0.00001	0.964194	0.023509	0.00001	0.008002	0.004275
GWAS-101-Hempress_3_33207	0.00001	0.011727	0.00001	0.003863	0.815461	0.168929
WI-23-SE-01-05	0.226848	0.740578	0.032544	0.00001	0.00001	0.00001
Idalia-B7-CO	0.985783	0.00001	0.014177	0.00001	0.00001	0.00001
IA-23-KL-01-05	0.651195	0.195605	0.126492	0.010756	0.00001	0.015942
WI-23-NP-01-01	0.00001	0.954557	0.01745	0.027962	0.00001	0.00001
GWAS-332-WI-M-H-20-106	0.216274	0.645176	0.005859	0.132671	0.00001	0.00001
WI-23-NS-01-04	0.376823	0.623137	0.00001	0.00001	0.00001	0.00001
SD-23-JH-06-12	0.99995	0.00001	0.00001	0.00001	0.00001	0.00001
GWAS-339-WI-M-H-21-00104	0.906545	0.00001	0.004212	0.089213	0.00001	0.00001
SD-23-JH-08-15	0.590112	0.207852	0.04584	0.121205	0.00483	0.030161
GWAS-236-Early_Nueve	0.173769	0.637156	0.026897	0.162158	0.00001	0.00001
SD-23-JH-08-09	0.698296	0.123657	0.056922	0.087035	0.031575	0.002515
NE-23-JB-03-03	0.901419	0.00001	0.098541	0.00001	0.00001	0.00001
GWAS-93-Badger_3	0.00001	0.00001	0.038551	0.007683	0.418254	0.535492
SD-23-JH-06-06	0.751586	0.1319	0.072693	0.042159	0.001653	0.00001
IA-23-JA-01-11	0.735346	0.130685	0.133939	0.00001	0.00001	0.00001
SD-23-JH-07-11	0.984855	0.00001	0.015105	0.00001	0.00001	0.00001
IN-23-MB-02-09	0.243222	0.11505	0.489928	0.028087	0.036357	0.087356
GWAS-86-Hliana	0.00001	0.087562	0.178215	0.218679	0.084626	0.430908
IA-23-KL-01-09	0.465483	0.379151	0.103779	0.038981	0.00001	0.012596
NE-23-ID-01-01	0.920984	0.00001	0.078976	0.00001	0.00001	0.00001
GWAS-95-Eighty_Eight	0.00001	0.00001	0.00001	0.99995	0.00001	0.00001
SD-23-JH-08-10	0.627142	0.244446	0.00001	0.052794	0.018296	0.057312
SD-23-JH-08-18	0.971756	0.00001	0.028204	0.00001	0.00001	0.00001
SD-23-JH-08-06	0.745502	0.108894	0.038799	0.094818	0.00001	0.011978
NE-23-JB-01-02	0.901947	0.00001	0.098013	0.00001	0.00001	0.00001
GWAS-99-Hempress_3_33207	0.00001	0.00001	0.020871	0.007224	0.238906	0.732978
WI-23-MK-01-05	0.182696	0.717674	0.0996	0.00001	0.00001	0.00001
GWAS-68-Hempress_2	0.00001	0.019244	0.00001	0.00001	0.38684	0.593885
SD-23-JH-06-15	0.519148	0.383126	0.091433	0.00001	0.00001	0.006273
IN-23-MB-02-13	0.227061	0.107352	0.544096	0.00001	0.033095	0.088386
WI-23-NP-01-04	0.411427	0.521538	0.067002	0.000013	0.00001	0.00001
GWAS-65-Futura	0.00001	0.00001	0.00001	0.00001	0.00001	0.99995
GWAS-82-WI-M-H-20-113	0.00001	0.020736	0.036472	0.11263	0.019074	0.811079
GWAS-323-198_MUY	0.197442	0.65333	0.001488	0.14772	0.00001	0.00001
GWAS-39-Eletta_Campana	0.183955	0.623961	0.007896	0.183255	0.000922	0.00001
GWAS-312-Picolo	0.00001	0.00001	0.439807	0.171517	0.124804	0.263852
GWAS-35-CFX-2	0.00001	0.0401	0.00001	0.131854	0.1023	0.725726
GWAS-286-WI-M-H-20-00115	0.183373	0.67717	0.002072	0.137365	0.00001	0.00001
GWAS-28-ChinMa	0.00001	0.004572	0.033515	0.002333	0.466646	0.492924
GWAS-293-Forbidden_V	0.00001	0.00001	0.00001	0.00001	0.155367	0.844593
IN-23-MB-01-05	0.225215	0.00001	0.774745	0.00001	0.00001	0.00001
GWAS-290-Maverick	0.00001	0.00001	0.00001	0.00001	0.00001	0.99995
SD-23-JH-07-14	0.529222	0.389643	0.069956	0.00891	0.00001	0.002259
GWAS-331-WI-M-H-20-106	0.216445	0.612376	0.00001	0.171149	0.00001	0.00001
GWAS-275-BHC-Auto	0.191469	0.670827	0.00001	0.137674	0.00001	0.00001
GWAS-319-198_MUY	0.00001	0.012635	0.064094	0.02077	0.354182	0.548308
SD-23-JH-06-19	0.581904	0.314944	0.001987	0.069733	0.021364	0.010068
GWAS-53-White_CBG_	0.00001	0.102248	0.00187	0.097342	0.077211	0.721318
NE-23-JB-01-04	0.610194	0.221421	0.144508	0.00001	0.006797	0.01707
Idalia-B5b-CO	0.67351	0.218191	0.097448	0.00001	0.010831	0.00001
GWAS-268-WI-M-H-19-00101	0.00001	0.342301	0.00001	0.644948	0.012722	0.00001
GWAS-49-Santhica_70	0.00001	0.245927	0.00001	0.71634	0.006931	0.030783
SD-23-JH-06-14	0.966774	0.00001	0.033186	0.00001	0.00001	0.00001
GWAS-272-CFX-1	0.422132	0.445248	0.00001	0.13259	0.00001	0.00001
GWAS-32-Franklin	0.00001	0.572492	0.00001	0.302943	0.04073	0.083815
GWAS-301-WI-M-H-21-00103	0.00001	0.00526	0.00001	0.013265	0.524176	0.457278
GWAS-305-WI-M-H-19-00102	0.00001	0.050361	0.079429	0.095557	0.155964	0.61868
GWAS-297-Bubbatonic	0.00001	0.00001	0.00001	0.00001	0.968089	0.031871
GWAS-109-Bialobrzeskie	0.00001	0.00001	0.00001	0.00001	0.402018	0.597942
IN-23-MB-02-07	0.21589	0.14281	0.510387	0.010002	0.024519	0.096391
GWAS-42-Apollo	0.00001	0.00001	0.00001	0.99995	0.00001	0.00001
GWAS-46-WI-M-H-21-00101	0.00001	0.00001	0.00001	0.005957	0.491372	0.502642
GWAS-17-Auto_Blunami	0.00001	0.030521	0.00001	0.00001	0.429866	0.539584
GWAS-257-Amaze_Auto	0.00001	0.000461	0.00001	0.008124	0.22637	0.765025
GWAS-254-Pipeline	0.614231	0.2383	0.00001	0.14744	0.00001	0.00001
GWAS-85-Hliana	0.00001	0.00001	0.00001	0.00001	0.420355	0.579605
GWAS-71-Rogue	0.392459	0.434737	0.00001	0.172774	0.00001	0.00001
GWAS-346-WI-M-H-20-114	0.00001	0.036775	0.00001	0.920967	0.015863	0.026376
IN-23-MB-02-15	0.00001	0.258002	0.635058	0.000397	0.045602	0.060931
GWAS-3-21UO_PI-32-15	0.00001	0.006272	0.058001	0.204989	0.148285	0.582442
GWAS-316-QPPL148	0.173448	0.624853	0.041889	0.159112	0.000687	0.00001
GWAS-103-The_Grand	0.147226	0.589564	0.113667	0.140841	0.008693	0.00001
G33199-22GI-SD-I	0.777048	0.222912	0.00001	0.00001	0.00001	0.00001
GWAS-240-WI-M-H-20-100	0.00001	0.00001	0.00001	0.00001	0.456647	0.543313
IA-23-JA-01-10	0.222403	0.743166	0.034402	0.00001	0.00001	0.00001
Merino-B-CO	0.00001	0.00001	0.146541	0.00001	0.109137	0.744291
IA-23-KL-01-02	0.525513	0.373715	0.050568	0.007968	0.026155	0.01608
GWAS-21-Park_Dale	0.00001	0.00001	0.00001	0.006055	0.080839	0.913076
SD-23-JH-06-04	0.994241	0.00001	0.005719	0.00001	0.00001	0.00001
SD-23-JH-08-08	0.575076	0.327719	0.01244	0.053507	0.030397	0.000862
NE-23-JB-02-01	0.495297	0.39101	0.111027	0.00001	0.00001	0.002645
WI-23-NS-01-01	0.230385	0.769575	0.00001	0.00001	0.00001	0.00001
IN-23-MB-02-06	0.251359	0.10963	0.497649	0.012385	0.027448	0.101529
IN-23-MB-01-03	0.120997	0.00001	0.878963	0.00001	0.00001	0.00001
GWAS-74-Ultra_Women	0.00001	0.00001	0.000013	0.999947	0.00001	0.00001
IA-23-KL-01-07	0.745154	0.214291	0.040525	0.00001	0.00001	0.00001
IN-23-MB-01-08	0.00001	0.00001	0.99995	0.00001	0.00001	0.00001
GWAS-100-Hempress_3_33207	0.00001	0.00001	0.00001	0.00001	0.783966	0.215994
GWAS-14-Auto_Blunami	0.00001	0.011167	0.004282	0.00001	0.153133	0.831398
WI-23-MK-01-01	0.423074	0.569976	0.006919	0.000011	0.00001	0.00001
G33199-22GI-SD-M	0.336579	0.66303	0.00001	0.00001	0.000361	0.00001
NE-23-JB-05-01	0.433446	0.368449	0.185073	0.00001	0.001624	0.011398
SD-23-JH-06-01	0.946167	0.00001	0.053793	0.00001	0.00001	0.00001
WI-23-NS-01-05	0.225547	0.7639	0.010523	0.00001	0.00001	0.00001
Idalia-B2b-CO	0.226232	0.592222	0.165654	0.000013	0.015868	0.00001
GWAS-239-WI-M-H-20-100	0.00001	0.00001	0.00001	0.00001	0.322721	0.677239
IN-23-MB-01-13	0.291969	0.00001	0.707991	0.00001	0.00001	0.00001
SD-23-JH-07-16	0.958814	0.00001	0.03937	0.00001	0.00001	0.001786
IA-23-KL-01-06	0.681911	0.235278	0.066918	0.00001	0.005518	0.010366
IN-23-MB-02-05	0.395779	0.044545	0.438375	0.00001	0.031814	0.089476
Idalia-B5a-CO	0.752797	0.221697	0.012034	0.00001	0.013452	0.00001
WI-23-NS-01-03	0.220116	0.773618	0.006236	0.00001	0.00001	0.00001
SD-23-JH-07-09	0.741177	0.167238	0.091555	0.00001	0.00001	0.00001
IN-23-MB-01-01	0.14603	0.00001	0.85393	0.00001	0.00001	0.00001
SD-23-JH-08-01	0.991857	0.00001	0.008103	0.00001	0.00001	0.00001
WI-23-MK-01-04	0.00001	0.937223	0.059667	0.00001	0.003079	0.00001
Idalia-B8-CO	0.479429	0.387956	0.132585	0.00001	0.00001	0.00001
WI-23-SE-01-04	0.177064	0.739336	0.065268	0.018312	0.00001	0.00001
SD-23-JH-06-02	0.560145	0.344932	0.062719	0.021235	0.001433	0.009536
SD-23-JH-07-18	0.522209	0.43628	0.003958	0.020975	0.001481	0.015097
IA-23-KL-01-04	0.954521	0.00001	0.045439	0.00001	0.00001	0.00001
GWAS-278-BHC-Auto	0.00001	0.00001	0.00001	0.00001	0.623481	0.376479
SD-23-JH-06-16	0.520375	0.382043	0.092083	0.00001	0.00001	0.005479
GWAS-67-Hempress_2	0.00001	0.00001	0.00001	0.00001	0.407026	0.592934
G33199-22GI-SD-B	0.00001	0.971957	0.00001	0.00001	0.00001	0.028003
GWAS-94-Badger_3	0.00001	0.012297	0.00001	0.987663	0.00001	0.00001
GWAS-90-21UO_PI-22-15	0.00001	0.00001	0.00001	0.00001	0.164125	0.835835
G33199-22GI-SD-K	0.184012	0.815948	0.00001	0.00001	0.00001	0.00001
GWAS-324-Futura_83	0.387144	0.409361	0.038763	0.164713	0.00001	0.00001
IN-23-MB-02-08	0.318368	0.11696	0.441294	0.00001	0.021485	0.101884
GWAS-60-BaOx_Hybrid	0.00001	0.43265	0.00001	0.104975	0.159032	0.303323
GWAS-64-Futura	0.00001	0.00001	0.00001	0.00001	0.00001	0.99995
GWAS-328-WI-M-H-19-00106	0.00001	0.804251	0.00001	0.172473	0.012718	0.010538
SD-23-JH-08-17	0.523118	0.267089	0.079592	0.089842	0.00001	0.040349
SD-23-JH-06-08	0.970702	0.00001	0.029258	0.00001	0.00001	0.00001
GWAS-283-Special_Sauce	0.00001	0.00001	0.00001	0.00001	0.956888	0.043072
GWAS-59-BaOx_Hybrid	0.00001	0.119412	0.00001	0.093966	0.186051	0.600552
GWAS-280-Panakeia	0.169199	0.642093	0.047574	0.141114	0.00001	0.00001
IN-23-MB-01-11	0.316054	0.00001	0.683906	0.00001	0.00001	0.00001
WI-23-MK-01-03	0.409936	0.493394	0.096634	0.000016	0.00001	0.00001
GWAS-313-Picolo	0.00001	0.00001	0.00001	0.00001	0.00001	0.99995
GWAS-36-Smooth_operator	0.00001	0.013671	0.00001	0.106639	0.083794	0.795876
GWAS-287-WI-M-H-20-00115	0.00001	0.83239	0.00001	0.165954	0.001626	0.00001
GWAS-77-Suver_Haze	0.00001	0.066127	0.194732	0.242938	0.143923	0.35227
IA-23-JA-01-08	0.371543	0.556808	0.071619	0.00001	0.00001	0.00001
GWAS-309-EPG	0.00001	0.00001	0.00001	0.00001	0.039225	0.960735
SD-23-JH-07-08	0.746238	0.156229	0.097503	0.00001	0.00001	0.00001
GWAS-81-WI-M-H-20-113	0.092278	0.00001	0.124132	0.111029	0.070154	0.602397
GWAS-29-ChinMa	0.00001	0.00001	0.015939	0.007793	0.461579	0.514669
GWAS-276-BHC-Auto	0.17814	0.674881	0.026004	0.117026	0.00394	0.00001
GWAS-25-Lifter	0.00001	0.010665	0.00001	0.989295	0.00001	0.00001
SD-23-JH-07-13	0.954111	0.00001	0.045849	0.00001	0.00001	0.00001
WI-23-NP-01-03	0.00001	0.965828	0.034132	0.00001	0.00001	0.00001
GWAS-87-Hliana	0.00001	0.00001	0.00001	0.025517	0.421175	0.553278
IN-23-MB-02-03	0.331764	0.057509	0.487608	0.00001	0.031516	0.091593
GWAS-56-202_EVY	0.00001	0.248919	0.00001	0.720945	0.001051	0.029065
GWAS-267-WI-M-H-20-101	0.00001	0.00001	0.00001	0.00001	0.34693	0.65303
IN-23-MB-01-15	0.21205	0.00001	0.78791	0.00001	0.00001	0.00001
GWAS-264-WI-M-H-20-108	0.00001	0.002493	0.00001	0.00001	0.756305	0.241172
IN-23-MB-01-10	0.00001	0.00001	0.99995	0.00001	0.00001	0.00001
GWAS-302-WI-M-H-21-00103	0.00001	0.00001	0.055796	0.040184	0.5535	0.350499
GWAS-45-WI-M-H-21-00101	0.00001	0.00001	0.00001	0.00001	0.543858	0.456102
GWAS-256-Pipeline	0.00001	0.003448	0.00001	0.024441	0.265579	0.706512
GWAS-249-Lifter_Seedless	0.00001	0.827503	0.000424	0.142905	0.017434	0.011723
G33199-22GI-SD-H	0.34542	0.631925	0.00001	0.00001	0.00001	0.022626
GWAS-253-WI-M-H-19-00111	0.192437	0.603472	0.03803	0.163977	0.00001	0.002075
GWAS-70-Rogue	0.180055	0.560806	0.00001	0.235501	0.00001	0.023618
GWAS-52-White_CBG_	0.00001	0.00001	0.084358	0.042932	0.353351	0.519339
NE-23-JB-04-01	0.722724	0.138077	0.139169	0.00001	0.00001	0.00001
GWAS-6-WULF	0.702584	0.091367	0.00001	0.151266	0.023379	0.031395
GWAS-317-QPPL148	0.406394	0.442126	0.00001	0.15145	0.00001	0.00001
GWAS-2-21UO_PI-32-15	0.00001	0.00001	0.067858	0.202481	0.100685	0.628956
WI-23-NP-01-02	0.634107	0.342895	0.022969	0.00001	0.00001	0.00001
Idalia-B2a-CO	0.953731	0.000016	0.046223	0.00001	0.00001	0.00001
GWAS-22-Park_Dale	0.106758	0.00001	0.191925	0.117938	0.122515	0.460854
SD-23-JH-07-01	0.526801	0.381119	0.073643	0.005152	0.013276	0.00001
NE-23-JB-04-06	0.930969	0.00001	0.068991	0.00001	0.00001	0.00001
GWAS-246-Lifter_Seedless	0.00001	0.00001	0.00001	0.00001	0.261934	0.738026
WI-23-SE-01-02	0.230576	0.758946	0.00001	0.010448	0.00001	0.00001
GWAS-243-FL71_x_FL71	0.00001	0.020131	0.083437	0.002711	0.415023	0.478688
IN-23-MB-01-02	0.067046	0.00001	0.932914	0.00001	0.00001	0.00001
NE-23-JB-05-05	0.357641	0.345947	0.296381	0.00001	0.00001	0.00001
GWAS-9-Katani	0.00001	0.00001	0.00001	0.99995	0.00001	0.00001
NE-23-JB-02-03	0.971827	0.00001	0.028133	0.00001	0.00001	0.00001
GWAS-88-21UO_PI-22-15	0.00001	0.00002	0.00001	0.00001	0.137762	0.862188
SD-23-JH-08-04	0.761993	0.141748	0.096229	0.00001	0.00001	0.00001
GWAS-334-Dr_Chunk	0.166867	0.552763	0.077687	0.200968	0.00001	0.001705
GWAS-238-WI-M-H-20-100	0.00001	0.00001	0.00001	0.00001	0.436217	0.563743
IA-23-JA-01-05	0.221669	0.766349	0.009577	0.002384	0.00001	0.00001
G33199-22GI-SD-D	0.335293	0.605388	0.00001	0.00001	0.00001	0.059289
GWAS-344-WI-M-H-20-114	0.00001	0.00001	0.00001	0.015788	0.149786	0.834395
NE-23-JB-04-05	0.706048	0.203293	0.075355	0.00001	0.000173	0.01512
GWAS-250-WI-M-H-19-00111	0.00001	0.797946	0.00001	0.18863	0.013394	0.00001
SD-23-JH-06-17	0.965025	0.00001	0.034935	0.00001	0.00001	0.00001
G33199-22GI-SD-L	0.353855	0.634234	0.011881	0.00001	0.00001	0.00001
SD-23-JH-07-04	0.952335	0.00001	0.047625	0.00001	0.00001	0.00001
IA-23-JA-01-04	0.00001	0.935002	0.052056	0.002571	0.008516	0.001844
Merino-A-CO	0.109482	0.060685	0.191973	0.227651	0.083212	0.326997
G33199-22GI-SD-Ea	0.366281	0.633467	0.000222	0.00001	0.00001	0.00001
IN-23-MB-02-10	0.469172	0.035934	0.335573	0.014997	0.052424	0.0919
IN-23-MB-01-06	0.00001	0.00001	0.99995	0.00001	0.00001	0.00001
GWAS-63-Sour_Pineapple	0.00001	0.00001	0.00001	0.00001	0.143973	0.855987
GWAS-66-Futura	0.00001	0.00001	0.00001	0.00001	0.00001	0.99995
SD-23-JH-07-17	0.257101	0.576257	0.137401	0.028515	0.00001	0.000716
GWAS-330-WI-M-H-19-00106	0.00001	0.786659	0.00001	0.210171	0.00314	0.00001
GWAS-325-Futura_83	0.00001	0.00001	0.00001	0.99995	0.00001	0.00001
GWAS-329-WI-M-H-19-00106	0.173667	0.611073	0.060898	0.146995	0.00001	0.007357
IN-23-MB-02-04	0.148754	0.298087	0.413279	0.017731	0.044054	0.078094
SD-23-JH-06-10	0.921749	0.00001	0.078211	0.00001	0.00001	0.00001
GWAS-279-Panakeia	0.00001	0.00001	0.00001	0.00001	0.684284	0.315676
G33199-22GI-SD-A	0.36091	0.63138	0.00768	0.00001	0.00001	0.00001